0.0 832770.2843420559 -23.81259926 -2.08250236 -19.887615117006185 0.0
0.0 661286.9867095388 -23.44863892 -2.02610115 -832770.2843420559 0.0
0.0 348008.8381015596 -23.2817072 -2.15293265 -661286.9867095388 0.0
0.0 342525.85194719495 -22.84756403 -2.02080834 -348008.8381015596 0.0
0.0 259086.0051171993 -23.64249161 -2.33930956 -342525.85194719495 0.0
0.0 149399.83842238548 -23.11811147 -2.33878534 -259086.0051171993 0.0
0.0 111160.14744618496 -22.38643731 -2.13700972 -149399.83842238548 0.0
0.0 63442.462637189776 -22.0155541 -2.01477945 -111160.14744618496 0.0
0.0 61994.74374178167 -22.11732036 -2.11611218 -63442.462637189776 0.0
0.0 47318.81488497998 -22.01864889 -2.13787931 -61994.74374178167 0.0
0.0 27969.257344301324 -22.77229116 -2.68997594 -47318.81488497998 0.0
0.0 27817.507590209436 -22.38063386 -2.55920631 -27969.257344301324 0.0
0.0 15479.206177845912 -22.17625978 -2.67208583 -27817.507590209436 0.0
0.0 9646.793243647298 -21.99159395 -2.74332951 -15479.206177845912 0.0
0.0 9137.795507137178 -22.32782632 -2.81814676 -9646.793243647298 0.0
0.0 7764.299017990493 -21.3178422 -2.19161142 -9137.795507137178 0.0
0.0 6456.985923125318 -22.71100592 -3.06338019 -7764.299017990493 0.0
0.0 6403.588419803385 -21.91243305 -2.8287093 -6456.985923125318 0.0
0.0 6184.586143991077 -21.49921422 -2.45979934 -6403.588419803385 0.0
0.0 5847.781141513596 -21.48770011 -2.47091016 -6184.586143991077 0.0
0.0 4984.566204596394 -23.12021082 -3.09086016 -5847.781141513596 0.0
0.0 4343.196137191399 -21.40695737 -2.51013028 -4984.566204596394 0.0
0.0 3916.637388901605 -21.37315293 -2.51938045 -4343.196137191399 0.0
0.0 3646.4489780475187 -22.64519375 -3.18285027 -3916.637388901605 0.0
0.0 3622.4454892686217 -22.59698763 -3.17037935 -3646.4489780475187 0.0
0.0 3544.115589519426 -22.76863481 -3.20671802 -3622.4454892686217 0.0
0.0 3495.2344193675035 -21.47032629 -2.66507006 -3544.115589519426 0.0
0.0 3354.189871278339 -21.46118722 -2.67250553 -3495.2344193675035 0.0
0.0 2868.2633683390213 -23.59469562 -2.92012498 -3354.189871278339 0.0
0.0 2726.2737954689555 -21.46404287 -2.74872061 -2868.2633683390213 0.0
0.0 2618.736216898221 -23.73878952 -2.84400287 -2726.2737954689555 0.0
0.0 2540.5244922209727 -23.11769574 -3.16938216 -2618.736216898221 0.0
0.0 2412.0558722828077 -22.00426301 -3.05835356 -2540.5244922209727 0.0
0.0 2297.100634573452 -21.83615843 -3.05797067 -2412.0558722828077 0.0
0.0 2101.367900301148 -22.1647774 -3.15661123 -2297.100634573452 0.0
0.0 1976.4927710263235 -22.62317323 -3.30856727 -2101.367900301148 0.0
0.0 1846.9394636233474 -22.40435873 -3.26704477 -1976.4927710263235 0.0
0.0 1600.5546663113907 -20.97168469 -2.47430688 -1846.9394636233474 0.0
0.0 1514.438163797131 -20.58726008 -2.10986293 -1600.5546663113907 0.0
0.0 1479.6739567722045 -21.55818213 -3.07805174 -1514.438163797131 0.0
0.0 1475.3884846418525 -21.19400591 -2.72396231 -1479.6739567722045 0.0
0.0 1422.1620814194785 -22.09295338 -3.22614187 -1475.3884846418525 0.0
0.0 1395.5675068065877 -22.2059462 -3.26910653 -1422.1620814194785 0.0
0.0 1186.9129864212255 -21.04070499 -2.66370759 -1395.5675068065877 0.0
0.0 805.1807977728364 -23.34107108 -3.15989823 -1186.9129864212255 0.0
0.0 800.6704034973769 -21.40159095 -3.16301374 -805.1807977728364 0.0
0.0 777.0445547852576 -20.21924046 -2.00184206 -800.6704034973769 0.0
0.0 772.7589230886051 -21.33149363 -3.10763462 -777.0445547852576 0.0
0.0 770.43312513911 -20.30020361 -2.08584813 -772.7589230886051 0.0
4.592261511862345e-291 662.7320555452178 -21.24827204 -3.08368371 -770.43312513911 0.0
1.1552718967978084e-281 641.0762911669084 -21.90573329 -3.34034295 -662.7320555452178 0.0
1.076039256276127e-242 551.3365709890442 -20.93263519 -2.85146928 -641.0762911669084 0.0
2.5231328927629156e-221 502.12011930912837 -21.74779004 -3.34292791 -551.3365709890442 0.0
1.0131701029101444e-213 484.6019054686491 -23.03383092 -3.35872523 -502.12011930912837 0.0
1.492052546765477e-205 465.78420578685717 -21.60795982 -3.35333906 -484.6019054686491 0.0
1.6120308448314324e-175 396.61936060122036 -21.63843561 -3.37915556 -465.78420578685717 0.0
2.1511270587915768e-160 361.7821367356895 -21.84552358 -3.44759013 -396.61936060122036 0.0
5.525560728404832e-157 353.9214238370315 -20.49066395 -2.57668095 -361.7821367356895 0.0
1.1374959217731157e-133 300.229601194741 -21.34936929 -3.43529891 -353.9214238370315 0.0
1.7860995338160945e-112 251.41415898667333 -21.32782328 -3.4726395 -300.229601194741 0.0
7.058687435176596e-108 240.8196684295904 -22.55930012 -3.60384069 -251.41415898667333 0.0
3.536887433061113e-99 220.7774392447662 -20.57097165 -2.85713534 -240.8196684295904 0.0
1.2357523498110074e-87 194.18803490545787 -20.11639405 -2.45892132 -220.7774392447662 0.0
6.489274223990228e-85 187.9163308937935 -21.08835736 -3.43542755 -194.18803490545787 0.0
2.064982649261865e-83 184.47589998211686 -20.53743641 -2.90504581 -187.9163308937935 0.0
1.7072276587929794e-81 180.0311542374057 -20.05740348 -2.43522444 -184.47589998211686 0.0
3.3642545774541052e-80 177.0795476195486 -20.35145446 -2.73259245 -180.0311542374057 0.0
2.5928946638059265e-73 161.16099716364644 -20.25198124 -2.68046529 -177.0795476195486 0.0
3.2664392308780727e-57 124.07875963385995 -23.99544935 -4.80299783 -161.16099716364644 0.0
6.476175488262194e-57 124.07629552660231 -23.84546861 -4.93099483 -124.07875963385995 0.0
6.425522954679759e-57 124.07456243011164 -23.78671662 -4.81495574 -124.07629552660231 0.0
6.379754031236956e-57 124.07069480896646 -23.60145059 -4.87018112 -124.07456243011164 0.0
6.346327170690783e-57 124.0651722459791 -23.37196947 -4.9286895 -124.07069480896646 0.0
6.318970671279997e-57 124.0594345943954 -23.31805317 -4.87990171 -124.0651722459791 0.0
6.315955207791575e-57 124.04626138103832 -23.08533016 -4.91940763 -124.0594345943954 0.0
6.306803001274239e-57 124.04239451227099 -23.43222545 -4.67014493 -124.04626138103832 0.0
6.385179487077184e-57 124.00206221207549 -23.59348098 -4.43030467 -124.04239451227099 0.0
6.480416663707512e-57 123.99249964824122 -23.72805943 -4.32284033 -124.00206221207549 0.0
6.474347827948665e-57 123.98403047604802 -23.3141447 -4.57442474 -123.99249964824122 0.0
6.492680293676168e-57 123.96699847081491 -23.87924958 -4.18125922 -123.98403047604802 0.0
6.503226382660366e-57 123.96082086038814 -23.3991678 -4.48281148 -123.96699847081491 0.0
6.740089579184878e-57 123.87728282190804 -22.52363338 -4.96439003 -123.96082086038814 0.0
7.000735124528043e-57 123.86334075804162 -23.52360278 -4.30422715 -123.87728282190804 0.0
6.994184499714204e-57 123.85921011750303 -23.97112826 -4.01260493 -123.86334075804162 0.0
7.263245113275292e-57 123.76993240437322 -23.87806772 -4.01819333 -123.85921011750303 0.0
7.629147202299584e-57 123.73925405917748 -23.00147396 -4.57095873 -123.76993240437322 0.0
8.570103181886014e-57 123.52829447331418 -22.72091935 -4.68016 -123.73925405917748 0.0
9.405007771859135e-57 123.52233183590802 -23.34463964 -4.27112237 -123.52829447331418 0.0
9.941314551831653e-57 123.40114056646205 -22.61022972 -4.72123489 -123.52233183590802 0.0
1.0474570472531073e-56 123.39427098715251 -23.27125222 -4.28699285 -123.40114056646205 0.0
1.101956724096094e-56 123.28288411815583 -22.75158109 -4.60414657 -123.39427098715251 0.0
1.2014531921406846e-56 123.20009445595154 -23.0661582 -4.38294222 -123.28288411815583 0.0
4.0294665861717122e-56 121.49433100859844 -22.52717532 -4.5740513 -123.20009445595154 0.0
1.0968129016742128e-55 120.68404655709456 -23.30287382 -4.02341712 -121.49433100859844 0.0
1.5673777605723644e-55 120.6022736606667 -23.20287028 -4.08548269 -120.68404655709456 0.0
1.7020389275202435e-55 120.5002309213674 -23.72094714 -3.74137626 -120.6022736606667 0.0
2.2628127866807204e-55 120.05858010112784 -23.10845903 -4.12556631 -120.5002309213674 0.0
2.851217068046781e-55 119.97157489959498 -23.44144902 -3.903642 -120.05858010112784 0.0
3.5591434092885446e-55 119.623395081476 -21.49187773 -3.58346828 -119.97157489959498 0.0
4.19672405217882e-55 119.59219351312552 -23.8524242 -3.62097107 -119.623395081476 0.0
6.776372412942151e-55 118.79849638484774 -23.57865964 -3.77555779 -119.59219351312552 0.0
1.0474983603190312e-54 118.56166572016133 -23.15601218 -4.0464333 -118.79849638484774 0.0
1.167668320033761e-54 118.54744858377427 -22.64673281 -4.38037372 -118.56166572016133 0.0
1.3195500912625275e-54 118.31108512259881 -22.74352479 -4.31054706 -118.54744858377427 0.0
1.496836091326803e-54 118.26208797371743 -23.83289492 -3.59415685 -118.31108512259881 0.0
2.4527085973002705e-54 117.4597152990834 -23.25891369 -3.95114908 -118.26208797371743 0.0
3.625474426601513e-54 117.30943406485429 -22.92954435 -4.16409735 -117.4597152990834 0.0
4.3855763909606e-54 117.06803513995357 -23.49829518 -3.78513476 -117.30943406485429 0.0
5.168261974650797e-54 116.9500477319517 -21.79249645 -4.89296301 -117.06803513995357 0.0
3.138083292905821e-52 112.20663000576491 -20.3659936 -3.00233251 -116.9500477319517 0.0
2.0423941912846274e-51 110.47838832646362 -20.10183237 -4.83758959 -112.20663000576491 0.0
2.0174264295550906e-49 105.72064076398593 -20.40427792 -4.86256562 -110.47838832646362 0.0
1.4273002014337743e-48 103.89497124371641 -20.57166802 -4.92364842 -105.72064076398593 0.0
3.4989552388679094e-48 103.2664337160229 -20.58013882 -4.90534408 -103.89497124371641 0.0
7.427879888431123e-48 102.4388768422759 -20.15060396 -2.85383267 -103.2664337160229 0.0
1.7211070073166107e-47 101.57884881276964 -20.82611366 -3.5258048 -102.4388768422759 0.0
3.165744615770928e-47 101.08179549957704 -21.32885175 -3.64084165 -101.57884881276964 0.0
1.588049678353814e-46 99.11488108454864 -20.16268836 -4.27512649 -101.08179549957704 0.0
3.0201087620920915e-46 98.94136058306522 -20.22130842 -4.32635955 -99.11488108454864 0.0
5.79741209999297e-46 97.99794172817161 -20.97316449 -4.95333283 -98.94136058306522 0.0
9.563105985531782e-46 97.72439074787864 -20.37485255 -3.12969789 -97.99794172817161 0.0
3.832241687663265e-45 95.91182645695625 -20.36555684 -4.35182559 -97.72439074787864 0.0
1.1751847799376e-44 94.9552324386792 -20.93495316 -4.87688172 -95.91182645695625 0.0
1.946085659912139e-44 94.68129533592833 -20.30147839 -3.07880756 -94.9552324386792 0.0
2.541513956082343e-44 94.40216534397193 -20.2076572 -2.98077251 -94.68129533592833 0.0
3.3174183095134036e-44 94.12787543769377 -21.30687201 -4.85572692 -94.40216534397193 0.0
4.099821099232397e-44 93.9480730236201 -21.66695855 -4.69753035 -94.12787543769377 0.0
6.015389639182011e-44 93.4057836935981 -20.67752467 -4.64930146 -93.9480730236201 0.0
9.833112562461004e-44 92.928974161718 -23.3600897 -3.28529475 -93.4057836935981 0.0
1.2694801078899604e-43 92.8215842977494 -20.63661345 -4.59182869 -92.928974161718 0.0
2.1167236653479866e-43 92.0346478081074 -21.00843441 -4.8427616 -92.8215842977494 0.0
2.9247623892707592e-43 92.00424702921677 -20.6019775 -3.42144686 -92.0346478081074 0.0
3.2571322039563088e-43 91.80878458274547 -20.38679502 -4.20254233 -92.00424702921677 0.0
3.910404628092363e-43 91.61828180660616 -20.74043749 -4.65440898 -91.80878458274547 0.0
1.4197871043853322e-42 89.87814553840403 -20.64552779 -3.48864911 -91.61828180660616 0.0
3.0643246455580775e-42 89.43189475899803 -20.16658151 -3.87857841 -89.87814553840403 0.0
3.892961478501161e-42 89.33264337869788 -21.80881066 -4.59048748 -89.43189475899803 0.0
4.399865407354298e-42 89.17123125288255 -20.88450023 -3.70952149 -89.33264337869788 0.0
5.1736371404890295e-42 88.99039649673588 -20.00526597 -2.8536114 -89.17123125288255 0.0
5.90335060016797e-42 88.88220315154396 -20.39042105 -3.25715707 -88.99039649673588 0.0
6.562101640523398e-42 88.75973632981182 -20.3815078 -3.24992146 -88.88220315154396 0.0
9.168445086031754e-42 88.25312968416264 -20.96397759 -4.74336602 -88.75973632981182 0.0
1.1481825849744637e-41 88.22652917414322 -22.70733757 -4.04061978 -88.25312968416264 0.0
3.2711842215513494e-41 86.68334490241969 -23.93257652 -3.23417709 -88.22652917414322 0.0
6.226294044079009e-41 86.39574181082071 -22.60869142 -3.67151154 -86.68334490241969 0.0
7.72936501240165e-41 86.218214103768 -20.48350457 -4.07941559 -86.39574181082071 0.0
8.558595700247066e-41 86.16486507823262 -20.99263069 -3.76792711 -86.218214103768 0.0
9.824761740624632e-41 85.93485906882653 -21.17282599 -4.77724018 -86.16486507823262 0.0
1.1822721013766643e-40 85.7684483678517 -20.09681849 -2.99434792 -85.93485906882653 0.0
1.7064348771687748e-40 85.24248371613193 -20.76977676 -4.50906095 -85.7684483678517 0.0
2.4104774720288787e-40 85.00356988081614 -20.59189672 -3.52477638 -85.24248371613193 0.0
3.386095765907431e-40 84.57434969964213 -20.28391979 -3.79062615 -85.00356988081614 0.0
4.1789335907959725e-40 84.51799772377478 -20.41836157 -3.94208339 -84.57434969964213 0.0
4.3836623520713505e-40 84.4588722133275 -20.40109871 -3.92221157 -84.51799772377478 0.0
4.620338794574989e-40 84.39313632781808 -20.56292121 -3.51580038 -84.4588722133275 0.0
5.698067517258691e-40 84.04817634597772 -20.56069175 -3.52212933 -84.39313632781808 0.0
6.789842850163183e-40 83.99377113030991 -20.57907177 -4.09441152 -84.04817634597772 0.0
8.086449007727097e-40 83.69957259662856 -20.11067679 -3.57482084 -83.99377113030991 0.0
1.2127661920217437e-39 83.20278629482794 -21.40366808 -4.72265603 -83.69957259662856 0.0
1.5469030211598318e-39 83.13310845597228 -20.8069575 -3.74636998 -83.20278629482794 0.0
1.6243955850833582e-39 83.08450090824886 -20.2532494 -3.70429246 -83.13310845597228 0.0
2.3483961755642574e-39 82.46875014917053 -20.33486561 -3.34737156 -83.08450090824886 0.0
3.3763616634085826e-39 82.2563941271923 -20.21513018 -3.60952683 -82.46875014917053 0.0
3.944455320825184e-39 82.1305302960531 -23.38441446 -3.27793811 -82.2563941271923 0.0
5.178950990978434e-39 81.72815806968725 -20.33131079 -3.68883118 -82.1305302960531 0.0
7.153405926523188e-39 81.44450015013405 -20.00421464 -3.36067899 -81.72815806968725 0.0
1.0865297504054164e-38 80.92019036425171 -21.23459419 -4.71773981 -81.44450015013405 0.0
1.4961937116428453e-38 80.72617246267343 -20.28401569 -3.580642 -80.92019036425171 0.0
1.6309409088787e-38 80.71844315406696 -20.29666468 -3.60336586 -80.72617246267343 0.0
1.6469368367600142e-38 80.68698425681853 -22.2895371 -4.26642314 -80.71844315406696 0.0
1.8213382887947134e-38 80.50523319823728 -20.41195141 -3.64715105 -80.68698425681853 0.0
2.1020806805116315e-38 80.37627880638325 -20.1414542 -3.37542106 -80.50523319823728 0.0
2.2433429123538108e-38 80.35125569893718 -20.58678591 -3.62905016 -80.37627880638325 0.0
2.2915534875469407e-38 80.3140421195535 -20.44819324 -3.70435294 -80.35125569893718 0.0
2.609058022619038e-38 80.0846201405708 -20.38347741 -3.60049048 -80.3140421195535 0.0
2.9945063338729116e-38 80.0069395098596 -20.4230472 -3.54880834 -80.0846201405708 0.0
3.5545006695933133e-38 79.73832530123315 -20.0083114 -3.14291831 -80.0069395098596 0.0
4.1659728451976024e-38 79.65338704623893 -21.03973638 -4.61953427 -79.73832530123315 0.0
4.731608372006229e-38 79.47035441322637 -20.6568994 -3.86794632 -79.65338704623893 0.0
5.404583214978227e-38 79.36208750189526 -20.61738333 -3.77368664 -79.47035441322637 0.0
6.089482897983256e-38 79.21434508800013 -20.84916525 -3.8549253 -79.36208750189526 0.0
8.021137553249183e-38 78.82362575058845 -22.19814126 -4.31267562 -79.21434508800013 0.0
2.4866000742722404e-37 77.37683833888536 -21.03999809 -3.80312469 -78.82362575058845 0.0
4.0433366107521455e-37 77.34845729121858 -23.34777804 -3.57797014 -77.37683833888536 0.0
4.713360498463806e-37 77.06947020156328 -20.78708788 -3.95651387 -77.34845729121858 0.0
8.681611891140035e-37 76.25067311057146 -20.89131927 -3.88384103 -77.06947020156328 0.0
1.3376380829080527e-36 76.03363224727568 -21.34419092 -4.66626461 -76.25067311057146 0.0
1.6860738853443002e-36 75.77296348667878 -22.27965591 -4.2505 -76.03363224727568 0.0
2.6668562898216488e-36 75.16949249500294 -20.96220932 -3.85483469 -75.77296348667878 0.0
5.676572890530099e-36 74.32550448169856 -23.02060321 -3.77887777 -75.16949249500294 0.0
1.2585238531522e-35 73.53610839987068 -22.01293507 -3.74052167 -74.32550448169856 0.0
2.1872180467858446e-35 73.09629414468858 -21.03931407 -4.49372008 -73.53610839987068 0.0
3.5866886939015806e-35 72.552160330042 -20.84002099 -4.00707944 -73.09629414468858 0.0
6.274692627751813e-35 71.96862556760819 -21.47447924 -4.61419787 -72.552160330042 0.0
1.402640447615462e-34 71.04540075735332 -20.84129511 -4.20524547 -71.96862556760819 0.0
2.00618761313066e-34 71.02712656290014 -21.82840727 -4.47791963 -71.04540075735332 0.0
4.2097561867756546e-34 69.86386267805226 -21.38845621 -3.69046173 -71.02712656290014 0.0
7.1073877843718254e-34 69.65035726420773 -20.94731168 -3.91781061 -69.86386267805226 0.0
1.1937224739908417e-33 68.92446810052161 -21.14274908 -3.79024173 -69.65035726420773 0.0
2.239706158238487e-33 68.33004888449909 -23.71723093 -3.08361514 -68.92446810052161 0.0
4.9075590728164893e-33 67.44033568429926 -21.8992192 -4.42587798 -68.33004888449909 0.0
6.953433952607306e-33 67.42162269644723 -20.8781516 -4.11327861 -67.44033568429926 0.0
4.4867516263993845e-32 64.94396138346329 -22.27819351 -4.20738333 -67.42162269644723 0.0
1.7888027338312398e-31 63.73061552694096 -21.18770235 -4.45468473 -64.94396138346329 0.0
2.981240945783645e-31 63.56209624201447 -20.92960026 -4.07825365 -63.73061552694096 0.0
4.326915246858504e-31 63.02885346082016 -21.54600814 -4.53465542 -63.56209624201447 0.0
5.677738740787432e-31 62.93093492370221 -20.97388593 -4.20130855 -63.02885346082016 0.0
9.576217226828747e-31 62.12085576851464 -21.68450046 -4.4912311 -62.93093492370221 0.0
1.4106374653205752e-30 61.981442796281655 -21.04689145 -4.2754824 -62.12085576851464 0.0
1.864383114843612e-30 61.57861850126727 -21.51751358 -4.52866317 -61.981442796281655 0.0
2.549497458341584e-30 61.31291276507499 -23.40439666 -3.48292503 -61.57861850126727 0.0
3.0708082373773298e-30 61.17386055765272 -21.99891499 -3.76011761 -61.31291276507499 0.0
3.4662352978062114e-30 61.04977254525628 -20.99862955 -4.18999428 -61.17386055765272 0.0
6.074572181309043e-30 60.20240799389047 -23.57065374 -3.37047409 -61.04977254525628 0.0
9.13318707147019e-30 60.04599551705821 -23.45180291 -3.44766973 -60.20240799389047 0.0
1.9254251400912025e-29 58.9641262534537 -21.09034416 -4.26483325 -60.04599551705821 0.0
3.4650945766469193e-29 58.6038254499148 -22.98420151 -3.74615034 -58.9641262534537 0.0
4.1792165092541664e-29 58.53825249826619 -21.06472391 -3.91015307 -58.6038254499148 0.0
5.525573121927048e-29 58.07703848546763 -22.95053585 -3.76596996 -58.53825249826619 0.0
8.818523711163907e-29 57.589537196779006 -21.14006445 -4.29868131 -58.07703848546763 0.0
1.7654603224774427e-28 56.772471647986684 -21.05681761 -4.16860036 -57.589537196779006 0.0
2.9680292600059873e-28 56.40227706213557 -22.63418599 -3.96052693 -56.772471647986684 0.0
6.254566361133674e-28 55.44743919249361 -21.23761365 -3.79650743 -56.40227706213557 0.0
1.0745080524147812e-27 55.10886384329513 -22.73349754 -3.89391874 -55.44743919249361 0.0
1.666728226565915e-27 54.58807051790367 -23.97114732 -3.08873593 -55.10886384329513 0.0
2.2797972735617973e-27 54.4039268140464 -21.04719599 -4.05016945 -54.58807051790367 0.0
2.8331240045132784e-27 54.14219488557831 -23.28959463 -3.53351985 -54.4039268140464 0.0
8.500572107513627e-27 52.66903483925419 -23.98072326 -3.07589594 -54.14219488557831 0.0
1.6336060645504203e-26 52.34272120532763 -22.36717759 -4.10886977 -52.66903483925419 0.0
2.2208208535922375e-26 52.03243131236631 -21.78424647 -4.40266661 -52.34272120532763 0.0
3.6816603370949466e-26 51.389485125340464 -22.30219322 -4.14344156 -52.03243131236631 0.0
4.8678388834011436e-26 51.352684224977025 -21.44796504 -4.43805378 -51.389485125340464 0.0
6.174235117380223e-26 50.93672356965861 -21.31054396 -4.3596693 -51.352684224977025 0.0
7.694252358978022e-26 50.85147512283207 -22.67187222 -3.91815815 -50.93672356965861 0.0
9.158099959682495e-26 50.58444936195002 -21.11881226 -3.94364355 -50.85147512283207 0.0
1.3077629486286616e-25 50.148429324878435 -21.54071515 -3.76326877 -50.58444936195002 0.0
3.2863947691054308e-25 48.99177464117973 -23.9191428 -2.97760329 -50.148429324878435 0.0
5.07109919671423e-25 48.944231977075106 -23.13728123 -3.61476638 -48.99177464117973 0.0
5.226402899947226e-25 48.91124958129949 -21.21172086 -4.21188671 -48.944231977075106 0.0
9.13327874054489e-25 48.005922919942364 -23.34493295 -3.33579834 -48.91124958129949 0.0
1.4282664783035496e-24 47.80856096073069 -21.40863233 -4.38446175 -48.005922919942364 0.0
1.5596185920080351e-24 47.800357225214285 -21.20967708 -4.18202224 -47.80856096073069 0.0
1.7576308733265328e-24 47.56357615462948 -23.1650817 -3.44101282 -47.800357225214285 0.0
2.448521284250658e-24 47.14659493268265 -23.32290785 -3.35020085 -47.56357615462948 0.0
3.357463320341387e-24 46.88604001480534 -23.79469884 -3.06026852 -47.14659493268265 0.0
4.767285223267311e-24 46.4547368366223 -21.5950648 -3.77923543 -46.88604001480534 0.0
7.168119266614144e-24 46.04578037508307 -21.27002936 -3.83636366 -46.4547368366223 0.0
8.548415102634621e-24 46.041113263654935 -21.34994262 -4.32186835 -46.04578037508307 0.0
9.668935841594735e-24 45.79467432312079 -23.09532886 -3.63102164 -46.041113263654935 0.0
2.8369803842805373e-23 44.34080593245332 -21.19616761 -4.04365866 -45.79467432312079 0.0
5.583792933744284e-23 43.96758798077344 -21.40179664 -3.79846465 -44.34080593245332 0.0
6.56571756354639e-23 43.96230255258984 -21.33220097 -4.27342724 -43.96758798077344 0.0
8.811652983286721e-23 43.429420327211396 -21.22408872 -3.91274506 -43.96230255258984 0.0
1.103853036587619e-22 43.42161690253989 -21.81279557 -4.34995546 -43.429420327211396 0.0
1.213388592712937e-22 43.22949751947269 -21.5466888 -4.38511529 -43.42161690253989 0.0
1.3353677586200742e-22 43.20112459534698 -21.82639431 -4.34426264 -43.22949751947269 0.0
1.4116339060672003e-22 43.100827238183584 -21.64657818 -4.38620115 -43.20112459534698 0.0
1.7736847247674388e-22 42.75230239375276 -23.40768395 -3.41630974 -43.100827238183584 0.0
2.191534099992137e-22 42.631285389193096 -22.08622638 -4.22891079 -42.75230239375276 0.0
2.5884934911208026e-22 42.40820923394989 -23.17970345 -3.56403027 -42.631285389193096 0.0
3.861975901781475e-22 41.87025631671112 -23.73411538 -3.19820415 -42.40820923394989 0.0
7.342954177395413e-22 41.156454171139714 -23.73317837 -3.11088439 -41.87025631671112 0.0
1.0302941560721609e-21 41.05099571797045 -23.18904575 -3.55279246 -41.156454171139714 0.0
1.1637949104203567e-21 40.896084247103055 -22.81784037 -3.79202525 -41.05099571797045 0.0
1.29114351600021e-21 40.8189061358285 -21.29270881 -4.15107543 -40.896084247103055 0.0
1.3756951850121914e-21 40.74905262931404 -21.43739016 -4.31678951 -40.8189061358285 0.0
1.789738873108674e-21 40.31772047931382 -21.42783957 -3.82377263 -40.74905262931404 0.0
2.4351646979253274e-21 40.081074693498344 -23.7540208 -3.17725456 -40.31772047931382 0.0
3.2458686535997417e-21 39.73833912933262 -23.30946527 -3.37231143 -40.081074693498344 0.0
4.0936562275583484e-21 39.574538862464166 -23.47492255 -3.27426604 -39.73833912933262 0.0
5.9649891323090215e-21 39.03160692402097 -22.85894155 -3.61714456 -39.574538862464166 0.0
1.1345247785064124e-20 38.320045143565615 -21.30602822 -3.91917492 -39.03160692402097 0.0
2.026153445791879e-20 37.795795889916434 -21.30424695 -3.94419857 -38.320045143565615 0.0
2.977007622932646e-20 37.48647410032119 -22.79459464 -3.79441204 -37.795795889916434 0.0
3.614756493490691e-20 37.3674008115545 -21.36771608 -4.1990528 -37.48647410032119 0.0
4.5656912437690135e-20 37.02509197578907 -21.93578683 -3.80565698 -37.3674008115545 0.0
6.249078713679825e-20 36.714621756750695 -21.36844974 -4.18660128 -37.02509197578907 0.0
1.3201123349997203e-19 35.722194560074215 -23.87711972 -3.04344344 -36.714621756750695 0.0
1.9471791818634002e-19 35.681073193814846 -22.32513318 -4.07458148 -35.722194560074215 0.0
2.1915024004813905e-19 35.47595953484458 -23.11735312 -3.49231594 -35.681073193814846 0.0
3.058837980892527e-19 35.03253606416503 -23.83554703 -3.07999152 -35.47595953484458 0.0
3.967524603923899e-19 34.89201802112995 -23.59920883 -3.24905064 -35.03253606416503 0.0
4.2891891545898758e-19 34.85218902515082 -23.71283707 -3.16976782 -34.89201802112995 0.0
4.605521939073317e-19 34.73295621433837 -23.41086125 -3.32971649 -34.85218902515082 0.0
5.525705072630713e-19 34.48033835645926 -21.81220932 -4.30448552 -34.73295621433837 0.0
6.243840513673676e-19 34.45296199774133 -21.37908837 -3.92779455 -34.48033835645926 0.0
6.475058925421189e-19 34.38856248358499 -22.50721464 -3.96257355 -34.45296199774133 0.0
6.873999699404118e-19 34.313843253660096 -21.69230161 -4.32425353 -34.38856248358499 0.0
7.120023941747746e-19 34.29700735995215 -23.65339771 -3.1985042 -34.313843253660096 0.0
8.54077510021241e-19 33.95850124016917 -21.47684626 -3.86954984 -34.29700735995215 0.0
1.5272789072530335e-18 33.219637727158045 -23.2906943 -3.44690916 -33.95850124016917 0.0
2.11360026671557e-18 33.15630893492931 -22.75679773 -3.67643393 -33.219637727158045 0.0
2.182497051075e-18 33.134697605912315 -21.70722579 -3.81521498 -33.15630893492931 0.0
2.5453542343732694e-18 32.849024457399395 -23.11314895 -3.56557168 -33.134697605912315 0.0
3.5125067879554175e-18 32.48355174994627 -23.36839028 -3.37897685 -32.849024457399395 0.0
5.346787374936481e-18 32.01091724401213 -23.2868144 -3.41922254 -32.48355174994627 0.0
7.250243572395662e-18 31.809376594583618 -21.39461038 -3.98245507 -32.01091724401213 0.0
9.46858002711366e-18 31.474840403372266 -21.98296886 -4.23104756 -31.809376594583618 0.0
1.1195443935295562e-17 31.427139699513376 -21.7429588 -4.30084319 -31.474840403372266 0.0
1.2011076287225431e-17 31.3167700867986 -21.39966515 -3.98859568 -31.427139699513376 0.0
2.455947448184958e-17 30.24705103762942 -23.14956759 -3.51397241 -31.3167700867986 0.0
3.6703900122443986e-17 30.220087811688227 -22.46993501 -3.78857165 -30.24705103762942 0.0
3.8773780247877085e-17 30.119761454201736 -21.63907023 -4.29034631 -30.220087811688227 0.0
4.2983962240446266e-17 29.995371911291898 -21.50366717 -3.89443598 -30.119761454201736 0.0
5.653344646840986e-17 29.58898994098904 -22.93665126 -3.6658255 -29.995371911291898 0.0
6.859578519734866e-17 29.548086609023045 -21.53729234 -3.88082119 -29.58898994098904 0.0
8.955141314835521e-17 29.0879731311701 -22.63481984 -3.86284905 -29.548086609023045 0.0
1.1530178380775218e-16 28.97351369696483 -22.63944548 -3.73441017 -29.0879731311701 0.0
1.230273373273617e-16 28.935453758713262 -22.00178608 -3.8373534 -28.97351369696483 0.0
1.6967568027450204e-16 28.385077861411045 -22.29095264 -4.06669877 -28.935453758713262 0.0
2.1591042797748561e-16 28.35898229082059 -22.48714486 -3.95192161 -28.385077861411045 0.0
2.268762288650036e-16 28.267993993628508 -22.69653697 -3.81950107 -28.35898229082059 0.0
2.67073067273014e-16 28.02544847854416 -21.44272586 -4.10231066 -28.267993993628508 0.0
3.8089630061781285e-16 27.573948399950684 -22.97408639 -3.61462905 -28.02544847854416 0.0
5.397855383276451e-16 27.279342466228442 -22.06340386 -4.17818094 -27.573948399950684 0.0
8.201320643919017e-16 26.76201462639333 -22.68588009 -3.81921127 -27.279342466228442 0.0
1.027058571315907e-15 26.743376948472992 -21.49631633 -4.1665115 -26.76201462639333 0.0
1.1509450416522524e-15 26.526043568744512 -21.76289931 -3.83460585 -26.743376948472992 0.0
1.276697300284869e-15 26.504421621181358 -22.35377712 -4.02377552 -26.526043568744512 0.0
1.760632442947778e-15 25.94144402267886 -21.57593445 -4.22470826 -26.504421621181358 0.0
2.472565712592229e-15 25.73752140902625 -21.46461532 -4.02403504 -25.94144402267886 0.0
2.8728917181709953e-15 25.614802389043533 -22.40771103 -3.98865789 -25.73752140902625 0.0
3.318299967159897e-15 25.433772869087278 -22.84963377 -3.67116007 -25.614802389043533 0.0
3.624756033823064e-15 25.41019021798655 -21.67115538 -3.85681832 -25.433772869087278 0.0
3.915521336280998e-15 25.26469754499667 -22.08852795 -3.85497517 -25.41019021798655 0.0
5.462636903063704e-15 24.777740965523357 -21.62799655 -4.23771987 -25.26469754499667 0.0
6.744395845089512e-15 24.764574582709752 -21.5847956 -4.21571567 -24.777740965523357 0.0
7.42521486596948e-15 24.574478144510064 -21.99871847 -3.85107718 -24.764574582709752 0.0
1.1035269793821677e-14 24.019307525180416 -21.58954763 -3.89801857 -24.574478144510064 0.0
1.5711474418356853e-14 23.78553529603341 -21.8716739 -4.23142021 -24.019307525180416 0.0
1.7830192151702886e-14 23.7334498269985 -21.6136489 -3.88809413 -23.78553529603341 0.0
1.939199042165834e-14 23.60138010954002 -21.52286911 -3.95605697 -23.7334498269985 0.0
3.0200281748234865e-14 22.93290432106156 -21.92213272 -3.85045664 -23.60138010954002 0.0
4.2006004746687646e-14 22.815316655545367 -22.71271838 -3.77499011 -22.93290432106156 0.0
4.478644166066842e-14 22.78164659137031 -21.65931323 -3.87570132 -22.815316655545367 0.0
4.9740893724496635e-14 22.594071883648148 -21.56818838 -3.92541123 -22.78164659137031 0.0
5.4422574321589763e-14 22.573168699088495 -21.60747227 -4.20247772 -22.594071883648148 0.0
6.01244730449226e-14 22.383743254049207 -22.66624151 -3.80634054 -22.573168699088495 0.0
6.642446503004643e-14 22.345381846451488 -21.63489927 -4.21456071 -22.383743254049207 0.0
6.938811883572822e-14 22.27733176236637 -22.33651721 -3.84165781 -22.345381846451488 0.0
8.633568232833696e-14 21.919169194258384 -22.69281833 -3.78152986 -22.27733176236637 0.0
1.0479350179466536e-13 21.83961518469684 -21.90788605 -4.21101018 -21.919169194258384 0.0
2.0083595370298255e-13 20.837773961005198 -22.68272076 -3.76599096 -21.83961518469684 0.0
3.6799313184436963e-13 20.412384328968113 -21.70735909 -4.21875481 -20.837773961005198 0.0
4.846557864764623e-13 20.230482636503602 -22.1635743 -4.10029972 -20.412384328968113 0.0
5.975662243179406e-13 19.980902869175058 -21.54248301 -4.07217504 -20.230482636503602 0.0
6.922752602252336e-13 19.90235469142762 -21.73255185 -3.87199114 -19.980902869175058 0.0
7.176150795856518e-13 19.887615117006185 -21.61942277 -4.174895 -19.90235469142762 0.0
8.800548289578537e-13 19.509777886220647 -21.65855359 -4.19338668 -19.887615117006185 0.0
1.1017292188861233e-12 19.386714230236866 -22.34980798 -3.995543 -19.509777886220647 0.0
1.1705232918841047e-12 19.365070665725078 -22.59146048 -3.83695819 -19.386714230236866 0.0
1.2249726851443485e-12 19.277670281003736 -21.69585526 -4.20511325 -19.365070665725078 0.0
1.2904755536696115e-12 19.239441736311075 -22.56142895 -3.79723744 -19.277670281003736 0.0
1.3630372618555884e-12 19.14999443699908 -22.3798289 -3.84204843 -19.239441736311075 0.0
1.6859051992616752e-12 18.81954341383476 -21.62508191 -4.16373405 -19.14999443699908 0.0
2.0829858262470473e-12 18.68447553347957 -21.56447801 -4.08291482 -18.81954341383476 0.0
2.272320298657011e-12 18.62206090090278 -22.54437444 -3.86616177 -18.68447553347957 0.0
2.458426722370923e-12 18.50933591501341 -22.29988165 -3.86012081 -18.62206090090278 0.0
3.0798926003659895e-12 18.175905152890984 -21.57906349 -3.98016901 -18.50933591501341 0.0
4.043307048185571e-12 17.932239310840192 -21.73553786 -4.20139223 -18.175905152890984 0.0
4.893793601645426e-12 17.76626691164851 -21.57545894 -4.07565518 -17.932239310840192 0.0
5.343973927752996e-12 17.729788937871813 -21.57316675 -4.06605342 -17.76626691164851 0.0
5.454854347327845e-12 17.705113106582207 -21.5845902 -3.98196065 -17.729788937871813 0.0
6.844835962168013e-12 17.297093387271147 -22.56681582 -3.81826376 -17.705113106582207 0.0
8.521523237357336e-12 17.207674979925372 -21.57724145 -4.04425498 -17.297093387271147 0.0
1.3035598573179089e-11 16.535807446023544 -21.92086915 -4.17717662 -17.207674979925372 0.0
1.8978919087950555e-11 16.33568906457597 -21.60898921 -4.09925517 -16.535807446023544 0.0
2.1970713647985947e-11 16.216686844944714 -21.59146996 -4.0316714 -16.33568906457597 0.0
3.013908409133977e-11 15.737005586222919 -21.63189027 -4.11681103 -16.216686844944714 0.0
3.830359833373654e-11 15.661778212193518 -22.09725833 -3.88816016 -15.737005586222919 0.0
5.439208304192724e-11 15.093901395200444 -21.62151397 -3.98456602 -15.661778212193518 0.0
7.957383808826415e-11 14.820071054450164 -21.71042454 -4.16131694 -15.093901395200444 0.0
9.31294432817613e-11 14.742218099777128 -21.61564034 -4.01408741 -14.820071054450164 0.0
1.0263764373822776e-10 14.608681455445247 -21.65049223 -4.11486298 -14.742218099777128 0.0
1.1275017499839044e-10 14.531415345433137 -22.12511167 -4.09098815 -14.608681455445247 0.0
1.2253511866047333e-10 14.42373949235853 -21.66027569 -3.95069859 -14.531415345433137 0.0
1.4908277656897214e-10 14.13690752638616 -21.62536382 -4.01237999 -14.42373949235853 0.0
1.7280218631165167e-10 14.088631771934951 -22.2232594 -3.88746122 -14.13690752638616 0.0
1.7889228566309283e-10 14.047572990250485 -22.46718181 -3.87792629 -14.088631771934951 0.0
1.9634939876536753e-10 13.888412338303496 -21.63646062 -4.07453007 -14.047572990250485 0.0
2.0990192762328106e-10 13.887856668023709 -22.25495046 -3.88449889 -13.888412338303496 0.0
2.120343875364993e-10 13.848679180621112 -22.16128166 -4.07019199 -13.887856668023709 0.0
2.4439025671193395e-10 13.59907217202673 -22.04092946 -4.12144946 -13.848679180621112 0.0
2.810235200720515e-10 13.534927322441346 -22.15536733 -3.89538468 -13.59907217202673 0.0
3.031137322872457e-10 13.429576992964064 -21.65064177 -3.97999361 -13.534927322441346 0.0
3.1667020783930447e-10 13.424753507739137 -21.63472042 -4.03691422 -13.429576992964064 0.0
3.203672490204479e-10 13.386816080447343 -21.89470255 -4.16229873 -13.424753507739137 0.0
3.2750278028536887e-10 13.36060766381584 -21.77885522 -4.16527868 -13.386816080447343 0.0
3.433251361148436e-10 13.274245006506508 -21.65206444 -3.98175706 -13.36060766381584 0.0
3.6335156970171506e-10 13.226037957284259 -21.91015895 -3.89521356 -13.274245006506508 0.0
4.27453229871929e-10 12.948070083367908 -22.41697051 -3.86863469 -13.226037957284259 0.0
4.939291969173368e-10 12.898404626975207 -21.66411025 -4.09240131 -12.948070083367908 0.0
5.04227971073732e-10 12.886316732664646 -21.64354607 -4.0367788 -12.898404626975207 0.0
5.464901756899404e-10 12.724065881865291 -21.76817388 -4.15659148 -12.886316732664646 0.0
5.914166365124167e-10 12.701955344982661 -22.01034713 -3.89996364 -12.724065881865291 0.0
5.94478320711664e-10 12.69373288327438 -21.87380803 -3.89918543 -12.701955344982661 0.0
6.098486928054133e-10 12.631938985170933 -21.64821749 -4.04175382 -12.69373288327438 0.0
6.514406047212338e-10 12.54290803796484 -21.7194108 -3.93467692 -12.631938985170933 0.0
7.020140034730177e-10 12.462152998777155 -21.78407029 -4.15709243 -12.54290803796484 0.0
7.272202539118935e-10 12.450857287891928 -21.69258085 -4.11466833 -12.462152998777155 0.0
7.443691488350888e-10 12.396347797787124 -22.07795949 -3.9025008 -12.450857287891928 0.0
8.297349915009049e-10 12.220772154295833 -21.69537677 -4.11280702 -12.396347797787124 0.0
9.714171995199216e-10 12.059912926879393 -21.79333558 -4.15448722 -12.220772154295833 0.0
1.112812012642159e-09 11.927041212699033 -21.91620414 -4.14792557 -12.059912926879393 0.0
1.2514220561655318e-09 11.804568546156226 -21.69392772 -4.10294502 -11.927041212699033 0.0
1.3698941479496645e-09 11.724105304678915 -21.8196392 -4.15396595 -11.804568546156226 0.0
1.4642439010625138e-09 11.651168336887554 -21.66823892 -4.05577584 -11.724105304678915 0.0
1.6047564283380078e-09 11.523670208370078 -21.91236188 -4.14569008 -11.651168336887554 0.0
1.7207202718105377e-09 11.48798290300306 -22.313123 -3.97152232 -11.523670208370078 0.0
1.776246029287063e-09 11.440496457035048 -22.30023296 -3.97936346 -11.48798290300306 0.0
1.8196037744241853e-09 11.419396640028522 -21.76101404 -3.92852081 -11.440496457035048 0.0
1.8367729987151517e-09 11.401779177900753 -22.14993726 -4.06162602 -11.419396640028522 0.0
1.9988203279144013e-09 11.23709691270877 -21.81509093 -4.14890413 -11.401779177900753 0.0
2.4285742510183736e-09 10.9996714626177 -21.92535085 -3.90848144 -11.23709691270877 0.0
3.0098386080404607e-09 10.785425740843815 -21.99493772 -3.90995911 -10.9996714626177 0.0
3.897051067461637e-09 10.475558960869837 -21.79927899 -4.13857297 -10.785425740843815 0.0
4.490855698853153e-09 10.458046554805495 -21.76232863 -4.12710548 -10.475558960869837 0.0
4.552362751077554e-09 10.428592266534036 -21.69239007 -4.00065359 -10.458046554805495 0.0
4.732534304354504e-09 10.361427634947143 -21.92867463 -3.91253335 -10.428592266534036 0.0
5.123253470257599e-09 10.251903761068444 -21.74896576 -3.94753884 -10.361427634947143 0.0
5.436459557884897e-09 10.220105666674524 -21.71520253 -3.97295668 -10.251903761068444 0.0
5.70034860500888e-09 10.138611593432943 -22.3366433 -3.94106004 -10.220105666674524 0.0
6.049284659816949e-09 10.080562071194267 -22.21215897 -4.02119179 -10.138611593432943 0.0
6.205243478439455e-09 10.067005299482119 -21.69496893 -4.04428439 -10.080562071194267 0.0
6.408500927768069e-09 9.997366176285936 -21.90143418 -3.91598258 -10.067005299482119 0.0
6.635633035277892e-09 9.976345559846575 -22.05526855 -3.91509878 -9.997366176285936 0.0
6.656228672142952e-09 9.971163788706155 -21.85973603 -3.91959945 -9.976345559846575 0.0
6.91319067037958e-09 9.882640213384718 -21.91411318 -3.91620862 -9.971163788706155 0.0
7.277656047933471e-09 9.846869409214374 -21.89594533 -4.1348636 -9.882640213384718 0.0
7.401112208355429e-09 9.828857886929521 -22.3057281 -3.96137988 -9.846869409214374 0.0
7.51640329864381e-09 9.79623873248875 -22.26640775 -3.98736466 -9.828857886929521 0.0
7.809999123801879e-09 9.733054892405054 -21.97276254 -4.11893295 -9.79623873248875 0.0
8.306101097447224e-09 9.65374149873601 -22.02388221 -3.91685229 -9.733054892405054 0.0
8.772045170871914e-09 9.603064630230003 -22.07853618 -3.91714574 -9.65374149873601 0.0
9.237367607725227e-09 9.53111869652357 -22.28187052 -3.97493769 -9.603064630230003 0.0
9.531995166216808e-09 9.519112036932214 -21.9181905 -4.12906077 -9.53111869652357 0.0
1.0326568717956743e-08 9.357567087616536 -22.23908336 -3.91071685 -9.519112036932214 0.0
1.1060755279831378e-08 9.35532907294556 -22.24005479 -3.91066063 -9.357567087616536 0.0
1.1275691493367713e-08 9.29994019716247 -22.18439233 -4.03044878 -9.35532907294556 0.0
1.2017750609349583e-08 9.20924605777639 -22.2036062 -4.01945429 -9.29994019716247 0.0
1.2485896665983126e-08 9.201568685889944 -22.33022058 -3.9263942 -9.20924605777639 0.0
1.3237473569116496e-08 9.07634443293582 -22.30285724 -3.91114625 -9.201568685889944 0.0
1.4070896190302952e-08 9.05574271050861 -21.71652416 -4.0083897 -9.07634443293582 0.0
1.447772275407558e-08 9.00010633317897 -21.78400756 -3.94722712 -9.05574271050861 0.0
1.526597748755476e-08 8.930256687397476 -21.95244072 -4.11773658 -9.00010633317897 0.0
1.5660442665408693e-08 8.927964891713621 -22.01025908 -4.10203809 -8.930256687397476 0.0
1.5865153712286e-08 8.884845191099677 -21.75986551 -3.96150318 -8.927964891713621 0.0
1.845515501608396e-08 8.622340177818224 -21.80333797 -3.94462506 -8.884845191099677 0.0
2.1851392682646567e-08 8.512916590432683 -22.19866214 -4.01663435 -8.622340177818224 0.0
2.3904623561327788e-08 8.4219032949241 -22.30098834 -3.92251437 -8.512916590432683 0.0
2.5406768890560388e-08 8.369738530427716 -22.21260588 -4.00749449 -8.4219032949241 0.0
2.6105831261195902e-08 8.347163664970708 -21.89202386 -3.92945914 -8.369738530427716 0.0
2.6663761717854043e-08 8.307804339129369 -22.29583602 -3.94659792 -8.347163664970708 0.0
3.0209152980729056e-08 8.089127751851661 -22.29512377 -3.93944696 -8.307804339129369 0.0
3.508359356092551e-08 7.979782859577451 -22.19062471 -4.01654867 -8.089127751851661 0.0
3.9033842755756445e-08 7.8566374438722 -21.90088449 -4.11633643 -7.979782859577451 0.0
4.289483173547211e-08 7.769352813015434 -21.74214551 -4.04313614 -7.8566374438722 0.0
4.5582476699263e-08 7.714053124388446 -21.86504753 -4.11561566 -7.769352813015434 0.0
4.65146333193606e-08 7.708209076277929 -22.10091935 -3.92869762 -7.714053124388446 0.0
4.6802323676582553e-08 7.6819840677650335 -22.26065342 -3.92639695 -7.708209076277929 0.0
4.7601475255409113e-08 7.654464012875825 -22.08416944 -4.06534276 -7.6819840677650335 0.0
4.9323394108921863e-08 7.591805940634121 -21.97699386 -4.10092747 -7.654464012875825 0.0
5.085975925495728e-08 7.572329767088456 -21.74782821 -4.04745188 -7.591805940634121 0.0
5.086938884958355e-08 7.571432014983618 -22.06012429 -4.074253 -7.572329767088456 0.0
5.2484415142651875e-08 7.491515297023412 -21.74673216 -4.02945545 -7.571432014983618 0.0
5.5410622110811104e-08 7.442036992522371 -21.75294704 -4.05295514 -7.491515297023412 0.0
5.6406743847670774e-08 7.435378928722075 -22.03935728 -4.08077019 -7.442036992522371 0.0
5.657955477970749e-08 7.4161002164193395 -22.19253038 -3.92818579 -7.435378928722075 0.0
5.7510371361541454e-08 7.383023641621514 -21.869361 -4.11206577 -7.4161002164193395 0.0
5.8030116859110785e-08 7.377938858123756 -21.97400546 -4.09981743 -7.383023641621514 0.0
5.796330300722667e-08 7.365459506349017 -21.76289017 -3.99233224 -7.377938858123756 0.0
5.8574774309262477e-08 7.337210699585204 -22.25113698 -3.93040998 -7.365459506349017 0.0
5.933441437834393e-08 7.319665609161479 -21.91643434 -4.10959752 -7.337210699585204 0.0
6.113706013668567e-08 7.2583163664588755 -21.95789804 -3.93403098 -7.319665609161479 0.0
6.609880199206687e-08 7.145916169729994 -22.14438169 -4.03363924 -7.2583163664588755 0.0
6.996975841535376e-08 7.121581942842048 -22.25122545 -3.93428192 -7.145916169729994 0.0
7.034410567556755e-08 7.115205899927979 -22.25973735 -3.95612773 -7.121581942842048 0.0
7.035685136576276e-08 7.101356718883634 -22.08379507 -4.06098693 -7.115205899927979 0.0
7.248515409585159e-08 7.036699057387799 -21.75733823 -4.03196214 -7.101356718883634 0.0
7.429534601628972e-08 7.031085878368099 -21.87977556 -4.10835984 -7.036699057387799 0.0
7.40667548813031e-08 7.022970050315161 -22.16264189 -3.93230004 -7.031085878368099 0.0
7.420782848954082e-08 7.007423433149484 -21.81569698 -3.96132697 -7.022970050315161 0.0
7.47285692053033e-08 6.989107191471768 -21.77976628 -4.07448544 -7.007423433149484 0.0
7.520217400298727e-08 6.9748543497186555 -22.25376442 -3.93889724 -6.989107191471768 0.0
7.654489825631058e-08 6.934174755484937 -21.93654209 -3.93787381 -6.9748543497186555 0.0
7.874710072962866e-08 6.8981367030961955 -22.22780042 -3.98144913 -6.934174755484937 0.0
7.969337379674831e-08 6.89007570665306 -22.21077255 -3.9332666 -6.8981367030961955 0.0
8.497455926182897e-08 6.754481776393355 -22.06027577 -4.06739648 -6.89007570665306 0.0
9.034706698829852e-08 6.743001790987224 -21.76845601 -4.00874874 -6.754481776393355 0.0
9.618312565851978e-08 6.613544296402028 -22.12064167 -3.93653154 -6.743001790987224 0.0
1.0424695342455456e-07 6.558650083766836 -21.7706216 -4.01569149 -6.613544296402028 0.0
1.0807375793890416e-07 6.521139522752897 -21.8019549 -3.97726391 -6.558650083766836 0.0
1.0972863359750379e-07 6.508047705515123 -21.90302575 -4.10212663 -6.521139522752897 0.0
1.1082462413288596e-07 6.4814949917692894 -21.7800855 -4.05831132 -6.508047705515123 0.0
1.1483415869433191e-07 6.417901645169673 -21.98006978 -3.94016602 -6.4814949917692894 0.0
1.1856784652641462e-07 6.3967031102498835 -22.11590212 -4.04057698 -6.417901645169673 0.0
1.1965994150686764e-07 6.379624444668091 -22.08632197 -3.93888639 -6.3967031102498835 0.0
1.200571686707783e-07 6.370123823007824 -21.91319087 -3.94525287 -6.379624444668091 0.0
1.2398518433762033e-07 6.296661989782482 -21.93811233 -3.94353399 -6.370123823007824 0.0
1.343310445081045e-07 6.191355094952429 -21.80523762 -4.0752319 -6.296661989782482 0.0
1.4628015066609435e-07 6.1054037842806 -22.16611721 -3.94097186 -6.191355094952429 0.0
1.513045723855778e-07 6.102068440192469 -21.81517014 -4.07959961 -6.1054037842806 0.0
1.5190630325723437e-07 6.077710536956111 -21.8253316 -4.08427917 -6.102068440192469 0.0
1.5950531712290955e-07 5.986473095514479 -21.84390594 -3.96528488 -6.077710536956111 0.0
1.667280754613707e-07 5.967248054509436 -21.78400856 -4.02924933 -5.986473095514479 0.0
1.6969074090378507e-07 5.931571394750279 -21.85816426 -4.09193306 -5.967248054509436 0.0
1.7404591277125462e-07 5.896651003183576 -22.05414968 -4.06185563 -5.931571394750279 0.0
1.7832297802115213e-07 5.863092896592722 -22.19017084 -3.9927613 -5.896651003183576 0.0
1.8215003399196107e-07 5.83420874299158 -21.80336727 -3.99306924 -5.863092896592722 0.0
1.905305860754753e-07 5.754603444440157 -21.79376982 -4.04663258 -5.83420874299158 0.0
1.9878725546195103e-07 5.728055548394342 -22.14614311 -3.9447179 -5.754603444440157 0.0
2.0139238385776564e-07 5.70858144144997 -21.79100816 -4.02721281 -5.728055548394342 0.0
2.0134352411050058e-07 5.708545356584586 -22.12304541 -3.94468238 -5.70858144144997 0.0
2.0317044068415597e-07 5.670968343391053 -22.16845131 -3.94621336 -5.708545356584586 0.0
2.0824472132485933e-07 5.639206506835679 -21.83045159 -4.07782461 -5.670968343391053 0.0
2.1758970936920367e-07 5.5644188813679145 -21.91915831 -4.09026536 -5.639206506835679 0.0
2.3332527282854078e-07 5.480042627203455 -22.10403415 -3.9468896 -5.5644188813679145 0.0
2.442899259899263e-07 5.451103785294331 -21.99216419 -4.07695873 -5.480042627203455 0.0
2.4641253525476425e-07 5.4426477591467535 -22.12822626 -4.02442333 -5.451103785294331 0.0
2.476380694830471e-07 5.421376009254708 -21.86222845 -4.08468349 -5.4426477591467535 0.0
2.5873368349008226e-07 5.336761352745173 -21.80151799 -4.02656009 -5.421376009254708 0.0
2.763766080838227e-07 5.268906473569752 -21.83353827 -4.07111933 -5.336761352745173 0.0
2.8419839411738226e-07 5.259913842498374 -21.85097579 -4.0786586 -5.268906473569752 0.0
2.8708789105337847e-07 5.228992922634598 -21.81722647 -3.99804853 -5.259913842498374 0.0
2.956359251986316e-07 5.181653750772835 -21.88931394 -4.0849847 -5.228992922634598 0.0
3.0339863751497767e-07 5.156848166554513 -21.91859363 -3.95779821 -5.181653750772835 0.0
3.0825505684048845e-07 5.130019264409195 -21.83500495 -4.06855733 -5.156848166554513 0.0
3.1250973612291987e-07 5.109457106713311 -21.86198312 -4.07919436 -5.130019264409195 0.0
3.1423398958350977e-07 5.0990355085584795 -22.17315205 -3.99108897 -5.109457106713311 0.0
3.13041117209144e-07 5.097136896585827 -22.14960426 -3.95277771 -5.0990355085584795 0.0
3.1035979820854035e-07 5.096338670876663 -22.07013607 -3.95068381 -5.097136896585827 0.0
3.122129128312336e-07 5.065566588212912 -21.81518246 -4.00777863 -5.096338670876663 0.0
3.1674559613559434e-07 5.0474561881078275 -21.81292595 -4.04181917 -5.065566588212912 0.0
3.1838736073996204e-07 5.035281305311588 -21.94473594 -3.95591738 -5.0474561881078275 0.0
3.223037869964359e-07 5.003322240970071 -22.17713686 -3.95998575 -5.035281305311588 0.0
3.286836884697903e-07 4.976107826585569 -21.92719602 -3.95872839 -5.003322240970071 0.0
3.3285796676015237e-07 4.958077664124484 -21.81927898 -4.00660087 -4.976107826585569 0.0
3.348817433278836e-07 4.944051890933185 -21.85326999 -3.9793423 -4.958077664124484 0.0
3.4253157625660554e-07 4.893591551405697 -21.94615997 -3.95739687 -4.944051890933185 0.0
3.4840928122197337e-07 4.889490864631714 -21.8831449 -3.96898759 -4.893591551405697 0.0
3.4755840213443164e-07 4.878606641429776 -22.17931315 -3.9761058 -4.889490864631714 0.0
3.464547669130536e-07 4.8759232811797055 -21.8482433 -4.0694459 -4.878606641429776 0.0
3.4721713427955464e-07 4.8544236080529695 -21.83291014 -4.05927952 -4.8759232811797055 0.0
3.6292643927434426e-07 4.769221684673236 -22.16550427 -3.98928815 -4.8544236080529695 0.0
3.788935692639151e-07 4.746724820326523 -21.89438973 -3.96808788 -4.769221684673236 0.0
3.7990639867013316e-07 4.743857439219105 -22.07431694 -4.04148269 -4.746724820326523 0.0
3.7957600034707917e-07 4.728620269198566 -21.88205047 -3.97187795 -4.743857439219105 0.0
3.7868885917949047e-07 4.728578586312802 -21.91166095 -3.9644892 -4.728620269198566 0.0
3.7527273634723864e-07 4.7268440738703585 -22.15037967 -3.95906083 -4.728578586312802 0.0
3.7190002556099656e-07 4.726733153313616 -22.17063924 -3.96652297 -4.7268440738703585 0.0
3.7074612145413986e-07 4.713204266532551 -21.84265999 -3.99099501 -4.726733153313616 0.0
3.761632766038464e-07 4.678083533277524 -22.13211621 -4.01163506 -4.713204266532551 0.0
3.815949629898965e-07 4.664369384585425 -22.10018211 -3.95592813 -4.678083533277524 0.0
3.838239314916896e-07 4.646566693529598 -22.14314092 -3.95939029 -4.664369384585425 0.0
3.8776576312853076e-07 4.62408085386585 -22.14343936 -4.00338354 -4.646566693529598 0.0
3.9387296459875163e-07 4.595490026359127 -21.99618482 -3.95721129 -4.62408085386585 0.0
3.996710009635949e-07 4.574855724681008 -21.85614804 -4.06594977 -4.595490026359127 0.0
4.0421035027402415e-07 4.553014776573043 -21.99283524 -4.06654975 -4.574855724681008 0.0
4.088396775302521e-07 4.5321690798678205 -21.82779814 -4.03577219 -4.553014776573043 0.0
4.136851551368005e-07 4.509568975633556 -22.11531139 -4.01860821 -4.5321690798678205 0.0
4.158129710118816e-07 4.501894692144991 -22.15860137 -3.96763191 -4.509568975633556 0.0
4.1611112927031866e-07 4.488266438266672 -21.83701307 -4.0038298 -4.501894692144991 0.0
4.345588581898356e-07 4.39725938493576 -21.93282331 -4.07396152 -4.488266438266672 0.0
4.551989438026596e-07 4.373629182938241 -22.08856467 -4.03024258 -4.39725938493576 0.0
4.606453500857982e-07 4.353532341442026 -21.96769456 -3.96184291 -4.373629182938241 0.0
4.6220489246849637e-07 4.346878935698866 -21.92853731 -3.96672633 -4.353532341442026 0.0
4.599482088390182e-07 4.343412395620642 -21.87120904 -3.98318287 -4.346878935698866 0.0
4.661515696347068e-07 4.3006387426441135 -22.15480577 -3.97815587 -4.343412395620642 0.0
4.714724184221573e-07 4.300354862817324 -22.1547593 -3.97920425 -4.3006387426441135 0.0
4.670194611629966e-07 4.299717508989743 -22.15416632 -3.97531359 -4.300354862817324 0.0
4.669529337155621e-07 4.280828222063418 -21.83530995 -4.02443231 -4.299717508989743 0.0
4.688232656519006e-07 4.271753441412507 -21.84028153 -4.04255483 -4.280828222063418 0.0
4.69774547894117e-07 4.25690801039992 -21.96125119 -3.96365774 -4.271753441412507 0.0
4.6903264788048734e-07 4.254959665673561 -21.86468804 -4.06180609 -4.25690801039992 0.0
4.764181965031636e-07 4.20634976241788 -21.99209195 -3.96201364 -4.254959665673561 0.0
4.854008472528751e-07 4.197131562845744 -21.90388498 -3.97430896 -4.20634976241788 0.0
4.877261192049704e-07 4.176971505439777 -21.97664569 -3.96336167 -4.197131562845744 0.0
4.912759191082989e-07 4.162676569408255 -21.92487269 -4.07063242 -4.176971505439777 0.0
4.911842911851066e-07 4.15739977400381 -21.84381297 -4.01136197 -4.162676569408255 0.0
4.883704744164191e-07 4.15426162679629 -21.98363657 -3.96316513 -4.15739977400381 0.0
4.844619945642137e-07 4.153567372912022 -21.85801507 -3.99582998 -4.15426162679629 0.0
4.881698835586355e-07 4.119403656961621 -21.90320908 -3.97582794 -4.153567372912022 0.0
5.003063006830352e-07 4.084564275983295 -21.84738138 -4.04200606 -4.119403656961621 0.0
5.058541240065286e-07 4.07715763349804 -22.12682176 -3.96826998 -4.084564275983295 0.0
5.027702261067166e-07 4.0768800718986355 -21.99607062 -4.05955387 -4.07715763349804 0.0
4.994723869645754e-07 4.0704292429688795 -21.93861569 -3.96905863 -4.0768800718986355 0.0
4.966684402420961e-07 4.068229484617976 -22.13954145 -3.97383324 -4.0704292429688795 0.0
5.031748619575469e-07 4.024965152540503 -22.12357871 -4.0040611 -4.068229484617976 0.0
5.094742388181631e-07 4.022978811346003 -21.93118192 -3.97102363 -4.024965152540503 0.0
5.191152636901014e-07 3.9683170741479517 -22.0345306 -3.96381655 -4.022978811346003 0.0
5.288150872121823e-07 3.9653077849443914 -21.90288083 -3.97870513 -3.9683170741479517 0.0
5.268818292693527e-07 3.9557619862790343 -22.12976018 -3.97281618 -3.9653077849443914 0.0
5.365541451861547e-07 3.909536123868811 -21.96907659 -3.96758607 -3.9557619862790343 0.0
5.45997707534036e-07 3.900453195150927 -21.85266628 -4.01319144 -3.909536123868811 0.0
5.525831520875984e-07 3.865934416067523 -21.94479777 -4.06498792 -3.900453195150927 0.0
5.570878720926083e-07 3.8640174534065874 -21.90876185 -3.97885057 -3.865934416067523 0.0
5.559160681367574e-07 3.8502912590269007 -21.88838417 -4.06042046 -3.8640174534065874 0.0
5.554804531822924e-07 3.8456429029596393 -21.88760316 -3.98681896 -3.8502912590269007 0.0
5.580847394471327e-07 3.8211800140453636 -22.03083648 -3.96585326 -3.8456429029596393 0.0
5.631928393051633e-07 3.8074174349198504 -21.93639476 -4.06447388 -3.8211800140453636 0.0
5.623805272607599e-07 3.8041214662630227 -22.01505875 -4.0505251 -3.8074174349198504 0.0
5.583607038990804e-07 3.8018624116743513 -21.95610843 -4.06287809 -3.8041214662630227 0.0
5.581874914628473e-07 3.784911886240531 -21.95967463 -3.97039265 -3.8018624116743513 0.0
5.690554459641859e-07 3.7437475920113608 -21.91498031 -4.06283186 -3.784911886240531 0.0
5.773296419064755e-07 3.7357326244405176 -21.93164617 -3.97557982 -3.7437475920113608 0.0
5.774407439500127e-07 3.7234835347463395 -21.86439337 -4.04320372 -3.7357326244405176 0.0
5.764806097999784e-07 3.719127445702066 -22.11899968 -3.99816289 -3.7234835347463395 0.0
5.769421328490503e-07 3.7020504998184967 -22.02888791 -3.96757271 -3.719127445702066 0.0
5.772740101874017e-07 3.698007825824461 -22.10268743 -4.01039568 -3.7020504998184967 0.0
5.750720249010831e-07 3.6898060650990097 -22.12394753 -3.98330308 -3.698007825824461 0.0
5.748364899704938e-07 3.678939186187062 -21.86689626 -4.00596271 -3.6898060650990097 0.0
5.744895074221064e-07 3.6710988525627055 -22.09775955 -4.01290127 -3.678939186187062 0.0
5.728668222838768e-07 3.664690554209467 -21.85967054 -4.02031897 -3.6710988525627055 0.0
5.871827786461829e-07 3.602780231146627 -22.1078558 -3.97612399 -3.664690554209467 0.0
6.051384560805273e-07 3.583680747805932 -21.99023434 -3.97064853 -3.602780231146627 0.0
6.090060373964011e-07 3.5700927385838126 -21.87302943 -4.04394362 -3.583680747805932 0.0
6.121146755620157e-07 3.553618850347749 -22.11569727 -3.98353786 -3.5700927385838126 0.0
6.341710414279182e-07 3.480656692119594 -22.10845374 -3.99819573 -3.553618850347749 0.0
6.559237648537432e-07 3.464997177889698 -21.90143921 -3.99004293 -3.480656692119594 0.0
6.593063722443896e-07 3.4504600352837835 -21.97361972 -3.97410393 -3.464997177889698 0.0
6.607376884682041e-07 3.4407301731626205 -21.87627633 -4.04038684 -3.4504600352837835 0.0
6.636334207671716e-07 3.4218785522643964 -21.94380182 -4.05717742 -3.4407301731626205 0.0
6.638279808687518e-07 3.420155147222855 -21.87238027 -4.01488167 -3.4218785522643964 0.0
6.645937889640338e-07 3.3997750643838085 -22.01583927 -4.04382676 -3.420155147222855 0.0
6.724441450982629e-07 3.376796566192177 -22.05647421 -4.02835794 -3.3997750643838085 0.0
6.775082481420067e-07 3.364773193594429 -22.03032712 -3.97289551 -3.376796566192177 0.0
6.767805203696762e-07 3.359017448751588 -22.04438173 -3.97325172 -3.364773193594429 0.0
6.81210922557151e-07 3.331996858215362 -22.10253331 -3.99610207 -3.359017448751588 0.0
6.920451996490508e-07 3.3075253979789565 -21.96360734 -4.05341891 -3.331996858215362 0.0
7.170680496616999e-07 3.241981352296758 -22.01023031 -3.97526406 -3.3075253979789565 0.0
7.362591682727415e-07 3.233744997158978 -22.0779385 -3.97921866 -3.241981352296758 0.0
7.376801210533448e-07 3.21826741398886 -22.00283054 -3.97595265 -3.233744997158978 0.0
7.378060464748045e-07 3.213448871588762 -21.88135577 -4.01756072 -3.21826741398886 0.0
7.343604170861851e-07 3.207731202333991 -22.04655928 -3.97623766 -3.213448871588762 0.0
7.29952960193454e-07 3.205580884076131 -22.07945982 -3.9804081 -3.207731202333991 0.0
7.238079338575921e-07 3.2047376054617054 -22.06377401 -3.97772449 -3.205580884076131 0.0
7.208139534911167e-07 3.1939988904876926 -22.09454669 -3.99677352 -3.2047376054617054 0.0
7.309138636894036e-07 3.157315404900711 -22.05670132 -3.9780725 -3.1939988904876926 0.0
7.382684675242671e-07 3.153741189254385 -22.08788282 -4.00297965 -3.157315404900711 0.0
7.342914857369204e-07 3.1482220970602106 -21.97515621 -4.04872526 -3.153741189254385 0.0
7.322139963842845e-07 3.13951835775642 -21.88441303 -4.02081662 -3.1482220970602106 0.0
7.307988380271889e-07 3.1321851038128043 -22.07548045 -3.98175667 -3.13951835775642 0.0
7.272850109149977e-07 3.1292460050462445 -22.03693591 -4.03143557 -3.1321851038128043 0.0
7.224124353515801e-07 3.125729817089979 -22.06631847 -4.01763282 -3.1292460050462445 0.0
7.175995559944287e-07 3.1227135746536456 -21.96852569 -4.04915778 -3.125729817089979 0.0
7.138736124262845e-07 3.116248846604365 -22.08901504 -3.99870958 -3.1227135746536456 0.0
7.09370315217995e-07 3.1154590941401823 -21.98265559 -4.04677846 -3.116248846604365 0.0
7.067512018483493e-07 3.1037801272428753 -22.08521117 -4.00292269 -3.1154590941401823 0.0
7.149401304192934e-07 3.0727252085500703 -21.90327238 -4.00140172 -3.1037801272428753 0.0
7.219521775192866e-07 3.0641366239852346 -22.01265956 -3.97853345 -3.0727252085500703 0.0
7.241976271375545e-07 3.0466715219904876 -22.05133479 -4.0233057 -3.0641366239852346 0.0
7.332223074075091e-07 3.019574029846172 -21.93223048 -4.04782628 -3.0466715219904876 0.0
7.412682105725575e-07 3.0048146027249376 -21.97638411 -4.04554714 -3.019574029846172 0.0
7.416663044502157e-07 2.998554904087988 -22.08113178 -3.99998658 -3.0048146027249376 0.0
7.414005713361322e-07 2.985662411314762 -22.07051826 -4.01021856 -2.998554904087988 0.0
7.441343396705013e-07 2.971303192381515 -21.91115279 -4.04155324 -2.985662411314762 0.0
7.474036257889981e-07 2.9569938210775613 -22.07933117 -3.99479486 -2.971303192381515 0.0
7.491460480849394e-07 2.946720552413057 -22.04627447 -3.98222853 -2.9569938210775613 0.0
7.460962607292493e-07 2.9452259880399057 -22.04454002 -4.02383548 -2.946720552413057 0.0
7.424507414681293e-07 2.9366339892110074 -22.07596686 -4.0020005 -2.9452259880399057 0.0
7.403332953712607e-07 2.931026817003679 -21.89711074 -4.0175282 -2.9366339892110074 0.0
7.353610130616662e-07 2.930203499062031 -21.93611502 -4.04570231 -2.931026817003679 0.0
7.289884320184e-07 2.928534061119072 -21.95079584 -3.98775455 -2.930203499062031 0.0
7.225682254784913e-07 2.9279942501266762 -22.07349028 -3.99009409 -2.928534061119072 0.0
7.157190212520226e-07 2.9276817184525687 -21.89925627 -4.01349475 -2.9279942501266762 0.0
7.104395537180606e-07 2.922906850435837 -21.94815651 -3.9884789 -2.9276817184525687 0.0
7.061506622231276e-07 2.919888136894749 -21.89745722 -4.018656 -2.922906850435837 0.0
7.003106897571524e-07 2.919613005944394 -21.89793401 -4.01717625 -2.919888136894749 0.0
6.940021177326603e-07 2.918086173257688 -21.99605512 -4.03976284 -2.919613005944394 0.0
6.877112430869284e-07 2.9179237019788626 -21.94553117 -4.04585373 -2.918086173257688 0.0
6.821833935673558e-07 2.91432976963437 -21.99555974 -4.039795 -2.9179237019788626 0.0
6.778341495069777e-07 2.9108146730581614 -22.0261831 -4.03053072 -2.91432976963437 0.0
6.744516631213072e-07 2.9044414354061168 -21.90158064 -4.01219062 -2.9108146730581614 0.0
6.713755899627889e-07 2.900051240961375 -22.02649141 -4.03015222 -2.9044414354061168 0.0
6.668771031640712e-07 2.8979829270357267 -22.03159025 -4.02814507 -2.900051240961375 0.0
6.618532792856758e-07 2.8952750967356486 -22.04350416 -4.02293356 -2.8979829270357267 0.0
6.577382865567041e-07 2.890559566223039 -21.91007625 -4.0374177 -2.8952750967356486 0.0
6.544491721424788e-07 2.8854019026236477 -21.9043712 -4.03298272 -2.890559566223039 0.0
6.514220906854701e-07 2.8799319709307656 -22.07370048 -3.99766222 -2.8854019026236477 0.0
6.47402552641379e-07 2.8778738608383243 -21.90625545 -4.03412513 -2.8799319709307656 0.0
6.45104619956508e-07 2.867170449429781 -22.05054624 -3.98509653 -2.8778738608383243 0.0
6.452453598793721e-07 2.8575315012569282 -21.91182488 -4.03669704 -2.867170449429781 0.0
6.441509093129684e-07 2.8506536217467913 -21.97279689 -4.04251262 -2.8575315012569282 0.0
6.475854739826936e-07 2.8271219230282196 -22.0075454 -4.03460369 -2.8506536217467913 0.0
6.501307889357244e-07 2.822773723960995 -22.01337949 -3.98379713 -2.8271219230282196 0.0
6.461748859434222e-07 2.819426072263136 -22.00754121 -4.03441413 -2.822773723960995 0.0
6.426391347369259e-07 2.813851714865591 -22.053722 -3.98762174 -2.819426072263136 0.0
6.402847949515239e-07 2.8068703788585907 -21.96701421 -4.04206925 -2.813851714865591 0.0
6.38932033679749e-07 2.798187684325347 -21.90650855 -4.01547265 -2.8068703788585907 0.0
6.358835441201665e-07 2.796516858444711 -21.97123695 -3.98737014 -2.798187684325347 0.0
6.309331792030707e-07 2.793918971114595 -21.90882872 -4.01220694 -2.796516858444711 0.0
6.32761342182897e-07 2.770959561773533 -22.00025847 -4.03518566 -2.793918971114595 0.0
6.410317124606897e-07 2.7480465678745727 -21.93755029 -3.9965426 -2.770959561773533 0.0
6.43955253258004e-07 2.7418366681995163 -22.03376858 -4.02278099 -2.7480465678745727 0.0
6.405572755106981e-07 2.738720095144701 -21.95309361 -3.99229148 -2.7418366681995163 0.0
6.356686255024354e-07 2.7372563978183777 -21.93630213 -4.03956044 -2.738720095144701 0.0
6.301308214494464e-07 2.736319012608824 -21.91200434 -4.01346537 -2.7372563978183777 0.0
6.27871021470715e-07 2.7245753652978992 -21.93022843 -4.03779821 -2.736319012608824 0.0
6.265445681890923e-07 2.7206174997096246 -22.02266074 -4.0267284 -2.7245753652978992 0.0
6.217034286799344e-07 2.7201843021524517 -22.00520845 -3.98650509 -2.7206174997096246 0.0
6.16904790651132e-07 2.7162176734149406 -22.04578846 -4.01561155 -2.7201843021524517 0.0
6.123016617340019e-07 2.715259195520807 -22.01789295 -3.9866511 -2.7162176734149406 0.0
6.102797728303612e-07 2.7029696925616946 -21.92223751 -4.00593945 -2.715259195520807 0.0
6.102792213591406e-07 2.695337147257227 -22.00616467 -3.98715649 -2.7029696925616946 0.0
6.073696181769807e-07 2.6926144411827573 -22.05063256 -4.01113288 -2.695337147257227 0.0
6.039664793331543e-07 2.6866810999783297 -22.00766793 -3.98737446 -2.6926144411827573 0.0
5.998964089221832e-07 2.6862284497543585 -22.01391019 -4.02883574 -2.6866810999783297 0.0
5.943808482206188e-07 2.6852540563793563 -21.97881489 -3.98928061 -2.6862284497543585 0.0
5.911389252314842e-07 2.6772818689351796 -22.00908453 -3.98762712 -2.6852540563793563 0.0
5.878629606193774e-07 2.676452072493957 -22.04344676 -3.99080459 -2.6772818689351796 0.0
5.824012627977631e-07 2.6760494664497023 -22.05386264 -4.00691632 -2.676452072493957 0.0
5.819382614874788e-07 2.6582214348092212 -21.92079619 -4.01006319 -2.6760494664497023 0.0
5.822074798469046e-07 2.655146676454394 -22.01557704 -4.02731716 -2.6582214348092212 0.0
5.774608901886428e-07 2.654690784126638 -22.03637446 -3.9902343 -2.655146676454394 0.0
5.732389250647618e-07 2.6499278651122165 -21.91620622 -4.0200276 -2.654690784126638 0.0
5.691813662558182e-07 2.64899161629976 -21.91688355 -4.01693034 -2.6499278651122165 0.0
5.641301768545314e-07 2.647855495084274 -22.0539973 -3.99962656 -2.64899161629976 0.0
5.630400343827801e-07 2.633014297187373 -22.04434617 -4.01246113 -2.647855495084274 0.0
5.632697312434614e-07 2.6270927844255496 -21.92253071 -4.0287412 -2.633014297187373 0.0
5.6160525621452e-07 2.619039877165958 -21.92008412 -4.02493329 -2.6270927844255496 0.0
5.588164264012181e-07 2.617133197736579 -21.98781949 -3.99028786 -2.619039877165958 0.0
5.549276330173635e-07 2.6131089722303362 -22.03052799 -3.99095178 -2.617133197736579 0.0
5.509309372859653e-07 2.6116855013361504 -22.05061494 -4.00071865 -2.6131089722303362 0.0
5.469961021841639e-07 2.6075476524572005 -22.04657312 -3.99608266 -2.6116855013361504 0.0
5.428377760567216e-07 2.6070429353751496 -21.99986013 -3.98986488 -2.6075476524572005 0.0
5.378519948480818e-07 2.606101349784874 -22.03399843 -4.0175869 -2.6070429353751496 0.0
5.350597922805465e-07 2.597570083350639 -22.04877434 -4.00441565 -2.606101349784874 0.0
5.323385630958082e-07 2.596380482693435 -22.00786024 -4.0280016 -2.597570083350639 0.0
5.282656936804811e-07 2.5930325078011798 -22.04721169 -4.00650702 -2.596380482693435 0.0
5.255207859981447e-07 2.586905644606682 -21.93558366 -4.00404328 -2.5930325078011798 0.0
5.220911001996248e-07 2.5862178800118967 -22.02064331 -4.02305946 -2.586905644606682 0.0
5.199605994888628e-07 2.5752132511958385 -21.93430807 -4.0053944 -2.5862178800118967 0.0
5.187602266811114e-07 2.570914069843762 -22.01783799 -3.99124451 -2.5752132511958385 0.0
5.153385079256101e-07 2.5685449794060577 -22.03089514 -3.9929164 -2.570914069843762 0.0
5.122338990029743e-07 2.563104658192643 -22.03925035 -4.01190159 -2.5685449794060577 0.0
5.102637960808577e-07 2.556355337751721 -22.02985433 -3.9932836 -2.563104658192643 0.0
5.071571454460116e-07 2.5554066973026823 -21.92902445 -4.01070924 -2.556355337751721 0.0
5.026816740893794e-07 2.5541824099187176 -21.94355942 -4.03328252 -2.5554066973026823 0.0
4.987926894677398e-07 2.551041242829356 -22.01308484 -3.99171392 -2.5541824099187176 0.0
4.957774392866933e-07 2.546411525148494 -21.92549133 -4.02096121 -2.551041242829356 0.0
4.925423503265595e-07 2.5442297475594415 -21.95974791 -3.99706671 -2.546411525148494 0.0
4.887751442715138e-07 2.5418668519623218 -21.97390265 -4.03346094 -2.5442297475594415 0.0
4.84575481909404e-07 2.5415863965886234 -22.02920637 -3.99386628 -2.5418668519623218 0.0
4.81903397678739e-07 2.533043492640122 -21.94960623 -4.03325684 -2.5415863965886234 0.0
4.792260489323379e-07 2.532810042617881 -21.93377356 -4.00849784 -2.533043492640122 0.0
4.769682663641075e-07 2.5226136953604548 -22.04135771 -4.00380825 -2.532810042617881 0.0
4.759394389116831e-07 2.5172093796514976 -22.00079537 -3.99279754 -2.5226136953604548 0.0
4.7253956192789973e-07 2.517044028007837 -21.94640346 -4.0320062 -2.5172093796514976 0.0
4.6823632375318436e-07 2.5156059054119697 -21.9536705 -4.03289093 -2.517044028007837 0.0
4.6548699664426007e-07 2.5089319279103712 -21.93884665 -4.00672706 -2.5156059054119697 0.0
4.6272186921359143e-07 2.5076105507702646 -21.94302307 -4.03073462 -2.5089319279103712 0.0
4.5866470864826707e-07 2.5066444595535997 -21.96228638 -3.99789618 -2.5076105507702646 0.0
4.5591964287280307e-07 2.499727394484858 -22.00002301 -4.02692538 -2.5066444595535997 0.0
4.538004814861331e-07 2.4960530892728365 -21.96052081 -4.03237555 -2.499727394484858 0.0
4.5032111086060594e-07 2.495216983173189 -21.97232762 -4.03189374 -2.4960530892728365 0.0
4.4624455518029e-07 2.4943399975439267 -21.96210978 -3.99843635 -2.495216983173189 0.0
4.4205295673754573e-07 2.4941910251760757 -22.00318505 -4.02579096 -2.4943399975439267 0.0
4.3773096869518483e-07 2.4940897160265947 -21.99243724 -3.99396912 -2.4941910251760757 0.0
4.3374700416043557e-07 2.492577073997525 -22.03456345 -3.99895385 -2.4940897160265947 0.0
4.315174097448002e-07 2.48451187941524 -21.93632089 -4.01047314 -2.492577073997525 0.0
4.292782278490445e-07 2.4830658697653387 -21.93331937 -4.01410866 -2.48451187941524 0.0
4.256867533517695e-07 2.481414383738856 -21.94902018 -4.0032313 -2.4830658697653387 0.0
4.22964594435503e-07 2.4760024097101665 -22.03079857 -3.99841732 -2.481414383738856 0.0
4.2048871794452144e-07 2.4732499446675664 -21.95521126 -4.00134682 -2.4760024097101665 0.0
4.169544597031569e-07 2.4729811569836353 -21.98269256 -3.99560825 -2.4732499446675664 0.0
4.1347471252186605e-07 2.4701126192655383 -21.98694621 -4.02887429 -2.4729811569836353 0.0
4.1003435714623447e-07 2.469789271819537 -21.93575251 -4.02409175 -2.4701126192655383 0.0
4.0615768598380637e-07 2.4692109765956984 -22.03451316 -4.00226288 -2.469789271819537 0.0
4.0231195372502145e-07 2.4689159109656185 -21.9882381 -4.02857344 -2.4692109765956984 0.0
3.9863926234950316e-07 2.4676524690361594 -21.95093283 -4.00318349 -2.4689159109656185 0.0
3.9602966673943137e-07 2.462157955790774 -22.03089768 -4.01059094 -2.4676524690361594 0.0
3.9342855216379053e-07 2.460923927007496 -22.03378432 -4.00313234 -2.462157955790774 0.0
3.9085557600844427e-07 2.4553872976104225 -21.93955388 -4.01045662 -2.460923927007496 0.0
3.8880322913497147e-07 2.4515487712908364 -21.97957177 -3.99684253 -2.4553872976104225 0.0
3.857547343779597e-07 2.4512262055380685 -22.00257664 -4.02419855 -2.4515487712908364 0.0
3.821234604747205e-07 2.4505642191177266 -21.94656864 -4.00618165 -2.4512262055380685 0.0
3.78583874158242e-07 2.4499377460539087 -21.95443442 -4.0297868 -2.4505642191177266 0.0
3.750399442150724e-07 2.4494737257528088 -22.00525774 -4.02325426 -2.4499377460539087 0.0
3.715728857348239e-07 2.448612216458603 -21.96122593 -4.00067764 -2.4494737257528088 0.0
3.684642038261565e-07 2.4463770701186522 -21.93655133 -4.01565044 -2.448612216458603 0.0
3.653522814328583e-07 2.4456734774486475 -22.02888667 -4.01075567 -2.4463770701186522 0.0
3.623274028356448e-07 2.443105557066159 -21.96183892 -4.03000501 -2.4456734774486475 0.0
3.592025544016429e-07 2.4430947332869257 -21.9364931 -4.01714528 -2.443105557066159 0.0
3.5574395480828175e-07 2.442555375555405 -21.96746129 -4.02997894 -2.4430947332869257 0.0
3.5239312339860057e-07 2.4421217733966953 -21.93765083 -4.02194379 -2.442555375555405 0.0
3.490524589537895e-07 2.4417050245694236 -22.01288334 -3.9963308 -2.4421217733966953 0.0
3.4579273038338366e-07 2.4409865426673623 -21.94923599 -4.02831627 -2.4417050245694236 0.0
3.4250679222531285e-07 2.4409003588726357 -22.02940825 -4.0096146 -2.4409865426673623 0.0
3.3939452479684955e-07 2.4393430217434786 -21.94775176 -4.02780695 -2.4409003588726357 0.0
3.3658014738796774e-07 2.437653645298691 -21.93713398 -4.0192853 -2.4393430217434786 0.0
3.335971206958061e-07 2.4372462095280705 -21.96668417 -4.02975222 -2.437653645298691 0.0
3.304562671144281e-07 2.4366724490096776 -21.95043137 -4.02832298 -2.4372462095280705 0.0
3.2779213921277793e-07 2.43353720604813 -22.01404968 -4.01906852 -2.4366724490096776 0.0
3.250714852244971e-07 2.433438478114191 -21.93758252 -4.01868451 -2.43353720604813 0.0
3.2187295798906443e-07 2.4334129128563218 -22.03045091 -4.00508564 -2.433438478114191 0.0
3.187178142590765e-07 2.433239445337981 -21.99324762 -4.02599043 -2.4334129128563218 0.0
3.156764275468877e-07 2.4326891013106415 -21.95705561 -4.02915543 -2.433239445337981 0.0
3.137307755243441e-07 2.4257158846837727 -22.02506625 -4.00023647 -2.4326891013106415 0.0
3.122789318879579e-07 2.422056459956395 -22.02005238 -4.01527407 -2.4257158846837727 0.0
3.0996094991384564e-07 2.4207132848718986 -21.93974261 -4.02053781 -2.422056459956395 0.0
3.072731232475863e-07 2.4195743058810564 -21.99378972 -4.02524728 -2.4207132848718986 0.0
3.0497360151331245e-07 2.4158393541259695 -21.98455771 -3.99775662 -2.4195743058810564 0.0
3.0297920470982277e-07 2.4127945716103403 -21.97079685 -4.02844449 -2.4158393541259695 0.0
3.004398006186655e-07 2.4127699121913078 -22.00254335 -4.02241796 -2.4127945716103403 0.0
2.977540216088556e-07 2.4108542039953917 -21.98964527 -3.99753209 -2.4127699121913078 0.0
2.951684582734027e-07 2.410311359584173 -22.00971279 -4.01964854 -2.4108542039953917 0.0
2.925810211341121e-07 2.408563461813943 -21.95656204 -4.00432749 -2.410311359584173 0.0
2.9015100761041857e-07 2.4070907169217066 -21.95942833 -4.00337915 -2.408563461813943 0.0
2.880418677722846e-07 2.403257250873662 -21.9547982 -4.00537814 -2.4070907169217066 0.0
2.858208092712774e-07 2.402668008809621 -22.00272546 -3.99762776 -2.403257250873662 0.0
2.8310069341921144e-07 2.402481374988977 -21.97469916 -4.02767602 -2.402668008809621 0.0
2.80430466406952e-07 2.40172116059408 -22.01349485 -4.01743402 -2.402481374988977 0.0
2.778662944581592e-07 2.400952236266545 -22.02518511 -4.00383442 -2.40172116059408 0.0
2.754479853537716e-07 2.3993034965302513 -21.94216182 -4.01637082 -2.400952236266545 0.0
2.7331101895533065e-07 2.396629481732379 -21.96896338 -4.02769416 -2.3993034965302513 0.0
2.715166040223276e-07 2.392579380393741 -21.9439778 -4.02073973 -2.396629481732379 0.0
2.695218399807578e-07 2.391472761687403 -21.94896184 -4.00942194 -2.392579380393741 0.0
2.670366639309803e-07 2.391205348191022 -22.01052709 -3.99888867 -2.391472761687403 0.0
2.64616652273899e-07 2.3897801571002244 -21.97174457 -4.02723398 -2.391205348191022 0.0
2.6226622543733126e-07 2.389148414443248 -21.98916144 -4.02486815 -2.3897801571002244 0.0
2.598141024458631e-07 2.3886669151421165 -21.94774823 -4.0234513 -2.389148414443248 0.0
2.573572492392427e-07 2.388250118603497 -21.94811013 -4.02361042 -2.3886669151421165 0.0
2.550493073556917e-07 2.386783359553207 -22.02277073 -4.00389747 -2.388250118603497 0.0
2.531310117951346e-07 2.3834510965745674 -21.94787866 -4.01113221 -2.386783359553207 0.0
2.5107461029282525e-07 2.3831940198896655 -21.99804242 -3.99856247 -2.3834510965745674 0.0
2.4871731130862175e-07 2.3824169523945686 -21.99693362 -3.99860871 -2.3831940198896655 0.0
2.4636552822132027e-07 2.3822944817861287 -21.97838722 -4.02629504 -2.3824169523945686 0.0
2.4414369948381647e-07 2.3806356467151817 -21.96397849 -4.00345469 -2.3822944817861287 0.0
2.4247222759753453e-07 2.3761378014019434 -21.9734129 -4.00134777 -2.3806356467151817 0.0
2.407261640327057e-07 2.375184434196064 -21.98358513 -4.02520397 -2.3761378014019434 0.0
2.3851984587548263e-07 2.3746520244516143 -21.99551253 -3.99903982 -2.375184434196064 0.0
2.3634904678792403e-07 2.373569582357655 -21.97962444 -4.00040714 -2.3746520244516143 0.0
2.3422746577818515e-07 2.372785233636104 -21.9491413 -4.01137683 -2.373569582357655 0.0
2.3200080008285137e-07 2.372772564649951 -21.96943179 -4.00241997 -2.372785233636104 0.0
2.2989274047057025e-07 2.3711411690990056 -21.95617084 -4.02502076 -2.372772564649951 0.0
2.2838789944794988e-07 2.36601252859523 -21.98894769 -4.02370394 -2.3711411690990056 0.0
2.267150717567308e-07 2.365936849408171 -22.02010838 -4.00819217 -2.36601252859523 0.0
2.2469538966697259e-07 2.3640095487113197 -22.0191761 -4.009498 -2.365936849408171 0.0
2.2300337930314706e-07 2.3611547686890164 -21.97041278 -4.02566817 -2.3640095487113197 0.0
2.2132076356432822e-07 2.3592554656022453 -21.95068349 -4.02151999 -2.3611547686890164 0.0
2.1951051573989106e-07 2.357679683924898 -21.97555444 -4.02521649 -2.3592554656022453 0.0
2.1778878648638893e-07 2.3551046713223784 -21.98845982 -4.00042968 -2.357679683924898 0.0
2.1600414724885792e-07 2.354233786311296 -21.97632069 -4.00201534 -2.3551046713223784 0.0
2.1404220876595272e-07 2.3534527223787074 -21.956288 -4.00853548 -2.354233786311296 0.0
2.1215163599323502e-07 2.3520773443771668 -22.01331137 -4.01344375 -2.3534527223787074 0.0
2.1032404905331365e-07 2.3508556628930215 -21.98763735 -4.00073599 -2.3520773443771668 0.0
2.0842114504961533e-07 2.350353699745237 -22.00681935 -4.00118198 -2.3508556628930215 0.0
2.071367792598777e-07 2.343330118995347 -21.99970964 -4.000972 -2.350353699745237 0.0
2.0584926250892074e-07 2.3429111070410054 -21.95132914 -4.01881736 -2.343330118995347 0.0
2.039184237375188e-07 2.342277784304994 -22.01577181 -4.00621971 -2.3429111070410054 0.0
2.0204045991657398e-07 2.3415146032087897 -22.01152854 -4.01349367 -2.342277784304994 0.0
2.0013043964230552e-07 2.341374225494749 -21.95136775 -4.01488183 -2.3415146032087897 0.0
1.9829566903830564e-07 2.340034699829816 -22.01520684 -4.00946092 -2.341374225494749 0.0
1.964796348852125e-07 2.3398739379823605 -22.01558042 -4.00704775 -2.340034699829816 0.0
1.9460089281585635e-07 2.3393501582126364 -22.00179962 -4.00140041 -2.3398739379823605 0.0
1.9276192174763497e-07 2.3389630378230115 -22.01228697 -4.01259168 -2.3393501582126364 0.0
1.9112638455152068e-07 2.3364928902849735 -22.01442914 -4.00972775 -2.3389630378230115 0.0
1.8951419344838247e-07 2.3360028852589423 -21.95382603 -4.02005552 -2.3364928902849735 0.0
1.877559757866314e-07 2.3352339216177698 -22.01323472 -4.0050671 -2.3360028852589423 0.0
1.861019802341758e-07 2.3337992188608507 -22.00501796 -4.01646297 -2.3352339216177698 0.0
1.8454757771061024e-07 2.3321084605522797 -21.95484771 -4.02015506 -2.3337992188608507 0.0
1.8297908952807093e-07 2.3309690122109696 -22.01296311 -4.00577455 -2.3321084605522797 0.0
1.812942234763567e-07 2.3307087429381443 -21.99794235 -4.00177367 -2.3309690122109696 0.0
1.797144099027385e-07 2.328574025483661 -21.97111844 -4.00481725 -2.3307087429381443 0.0
1.7817963251559466e-07 2.3279605688210667 -21.95664431 -4.01128351 -2.328574025483661 0.0
1.7652145709902311e-07 2.3273729038453608 -21.95691023 -4.01115783 -2.3279605688210667 0.0
1.7483190873908122e-07 2.3272947185339983 -21.96503753 -4.00685064 -2.3273729038453608 0.0
1.731414894464406e-07 2.3269040238316943 -22.01002267 -4.0127061 -2.3272947185339983 0.0
1.715223772112608e-07 2.3261849096399034 -21.99362312 -4.00202108 -2.3269040238316943 0.0
1.7001269579359664e-07 2.3246850393660816 -21.95558277 -4.01289569 -2.3261849096399034 0.0
1.6847568769903457e-07 2.3244470250357887 -21.97526961 -4.00412757 -2.3246850393660816 0.0
1.668317184942032e-07 2.32439600823689 -21.98038685 -4.00320384 -2.3244470250357887 0.0
1.6523652123010976e-07 2.3237619056193526 -22.0000363 -4.01776249 -2.32439600823689 0.0
1.6366898943034564e-07 2.3235590131221504 -22.00984547 -4.00486721 -2.3237619056193526 0.0
1.6210989254724855e-07 2.3230044640023104 -21.96853832 -4.00598998 -2.3235590131221504 0.0
1.6071381913723408e-07 2.3209577056031456 -22.00463783 -4.00337776 -2.3230044640023104 0.0
1.5935291940294975e-07 2.3201107364125777 -22.0115086 -4.00756644 -2.3209577056031456 0.0
1.578838937127717e-07 2.319579831859596 -22.00233371 -4.00308593 -2.3201107364125777 0.0
1.5639200498914184e-07 2.3191984509320154 -22.0090049 -4.00511776 -2.319579831859596 0.0
1.5495117500634125e-07 2.3181906686408498 -21.98890008 -4.0027411 -2.3191984509320154 0.0
1.5349773750433195e-07 2.3181460154260485 -21.96893363 -4.00626367 -2.3181906686408498 0.0
1.5222326951363265e-07 2.3149675442134177 -21.99562386 -4.00288506 -2.3181460154260485 0.0
1.510780035990736e-07 2.313347559976502 -22.00977835 -4.00994142 -2.3149675442134177 0.0
1.4975282557239038e-07 2.3126866918969293 -21.95680018 -4.01701471 -2.313347559976502 0.0
1.4844066779743396e-07 2.3110490005159035 -21.97241051 -4.00583516 -2.3126866918969293 0.0
1.471133926446647e-07 2.3107487162211133 -21.99525118 -4.01840492 -2.3110490005159035 0.0
1.4575405999558725e-07 2.3097145580863137 -21.96273338 -4.02073572 -2.3107487162211133 0.0
1.44388461759224e-07 2.3096745119016835 -21.99827798 -4.0035034 -2.3097145580863137 0.0
1.4296803007710688e-07 2.3095864562788764 -21.97932001 -4.00444676 -2.3096745119016835 0.0
1.4169215959249514e-07 2.3077031854121812 -21.96133155 -4.01992763 -2.3095864562788764 0.0
1.4042449552963346e-07 2.307658644739269 -21.96821864 -4.00745118 -2.3077031854121812 0.0
1.3907469251250188e-07 2.3071201975839117 -21.95882482 -4.01810902 -2.307658644739269 0.0
1.3786136588795768e-07 2.3052838731992242 -21.95983714 -4.01858245 -2.3071201975839117 0.0
1.366867290200718e-07 2.30433277347209 -21.98527237 -4.02041524 -2.3052838731992242 0.0
1.3544792116808642e-07 2.3035919968273073 -21.97190431 -4.02145633 -2.30433277347209 0.0
1.3424110997173093e-07 2.3023317907492498 -21.97470174 -4.00599114 -2.3035919968273073 0.0
1.3299851784185118e-07 2.302289992794015 -21.96808367 -4.00804615 -2.3023317907492498 0.0
1.3170829921143528e-07 2.3019278840217554 -22.00699716 -4.0103768 -2.302289992794015 0.0
1.304281334461303e-07 2.3019237968856396 -21.9833346 -4.02054516 -2.3019278840217554 0.0
1.2916014395810005e-07 2.3015658804321433 -22.00370173 -4.00550235 -2.3019237968856396 0.0
1.2796982799392025e-07 2.300540452279418 -21.96227011 -4.01135124 -2.3015658804321433 0.0
1.2682098832533157e-07 2.299701063913185 -21.95962604 -4.01561974 -2.300540452279418 0.0
1.2563667716165684e-07 2.2994042851533036 -21.97196276 -4.02106126 -2.299701063913185 0.0
1.2441789110018896e-07 2.2992968589258815 -22.00415651 -4.01286615 -2.2994042851533036 0.0
1.231955440527803e-07 2.299249835224437 -21.96970355 -4.00776085 -2.2992968589258815 0.0
1.220048858448495e-07 2.298819823299517 -21.96305575 -4.01107639 -2.299249835224437 0.0
1.2083366720638515e-07 2.2986414215070035 -21.96803107 -4.0084662 -2.298819823299517 0.0
1.1966693782603944e-07 2.298324344644341 -21.98382609 -4.02016432 -2.2986414215070035 0.0
1.1852688333376936e-07 2.297885917424268 -22.00631438 -4.00885599 -2.298324344644341 0.0
1.1739138336459859e-07 2.297676224381719 -22.00408704 -4.00635128 -2.297885917424268 0.0
1.1629885683966958e-07 2.2966860480416695 -22.00591657 -4.00853718 -2.297676224381719 0.0
1.152318221164322e-07 2.296209946832936 -21.96411173 -4.01927842 -2.2966860480416695 0.0
1.141628912408917e-07 2.295424773194385 -21.99714795 -4.00481379 -2.296209946832936 0.0
1.1309311563277617e-07 2.2951387265214835 -21.99489609 -4.01707401 -2.295424773194385 0.0
1.1199285217288396e-07 2.295077016302721 -21.96131368 -4.01703812 -2.2951387265214835 0.0
1.1089329972713703e-07 2.29497121484353 -21.96496419 -4.01940036 -2.295077016302721 0.0
1.0982823115598522e-07 2.2944781423823146 -21.96103857 -4.01608891 -2.29497121484353 0.0
1.088206760134501e-07 2.2935032442136527 -21.96338958 -4.01842528 -2.2944781423823146 0.0
1.078068514695564e-07 2.293297532786116 -21.98778355 -4.0189513 -2.2935032442136527 0.0
1.068057395550674e-07 2.2922619349483706 -21.98789575 -4.00489867 -2.293297532786116 0.0
1.0580647911432256e-07 2.29219642287592 -21.99526757 -4.00497548 -2.2922619349483706 0.0
1.0476460081032024e-07 2.2921529136733656 -21.97921441 -4.02019452 -2.29219642287592 0.0
1.0375070560787737e-07 2.2917457544849373 -21.96173193 -4.01583693 -2.2921529136733656 0.0
1.0274816561140294e-07 2.291672131559195 -22.00187528 -4.00643602 -2.2917457544849373 0.0
1.017786622283926e-07 2.2908063247678268 -21.98210465 -4.00559863 -2.291672131559195 0.0
1.008635216954392e-07 2.289835807137789 -22.00001546 -4.01410403 -2.2908063247678268 0.0
9.991699467958042e-08 2.2897625181502894 -21.96661032 -4.01912263 -2.289835807137789 0.0
9.89398894095469e-08 2.28958975165621 -21.98402435 -4.0193403 -2.2897625181502894 0.0
9.798213425981075e-08 2.289316526577415 -22.00308144 -4.01153866 -2.28958975165621 0.0
9.702876338987671e-08 2.289244461065847 -21.96301753 -4.01338726 -2.289316526577415 0.0
9.608101352307802e-08 2.2890473490502483 -21.99422328 -4.01666096 -2.289244461065847 0.0
9.514395772865365e-08 2.2889450669031968 -21.99982942 -4.00616943 -2.2890473490502483 0.0
9.423690786474588e-08 2.288305149210532 -21.98200129 -4.01951961 -2.2889450669031968 0.0
9.336583688351277e-08 2.28761722490084 -21.96909014 -4.01941422 -2.288305149210532 0.0
9.247410027799922e-08 2.287598165047907 -21.96863392 -4.01931959 -2.28761722490084 0.0
9.157075776166188e-08 2.287349830550084 -21.98954912 -4.01794059 -2.287598165047907 0.0
9.0675701499814e-08 2.2873426094262572 -21.96862056 -4.01928007 -2.287349830550084 0.0
8.97901767060943e-08 2.2870768725536506 -22.00217266 -4.01189522 -2.2873426094262572 0.0
8.891595918594569e-08 2.2870097986173556 -22.00319744 -4.00907089 -2.2870768725536506 0.0
8.804832059999536e-08 2.286787988630535 -21.97167469 -4.00845926 -2.2870097986173556 0.0
8.719083524803416e-08 2.286682200371906 -21.98366528 -4.01911485 -2.286787988630535 0.0
8.633806930585155e-08 2.286544522212313 -22.00123319 -4.01264614 -2.286682200371906 0.0
8.549340262543217e-08 2.2864443717572276 -21.9904969 -4.00539917 -2.286544522212313 0.0
8.467276893519405e-08 2.2859342448537405 -22.00288213 -4.01014828 -2.2864443717572276 0.0
8.387194866232526e-08 2.2855493515205314 -21.9666359 -4.01101139 -2.2859342448537405 0.0
8.307619637234394e-08 2.2850995962751575 -21.99989009 -4.00686436 -2.2855493515205314 0.0
8.227281093087115e-08 2.2850836943238257 -21.99896619 -4.01395008 -2.2850995962751575 0.0
8.149176456786278e-08 2.2842765390731725 -22.00161089 -4.01163446 -2.2850836943238257 0.0
8.071781269683233e-08 2.284268247017154 -22.00208994 -4.0109251 -2.2842765390731725 0.0
7.99304736436322e-08 2.2839800999359205 -21.96398759 -4.01561529 -2.284268247017154 0.0
7.915272877188444e-08 2.2839233966823764 -21.97812913 -4.01944343 -2.2839800999359205 0.0
7.837453274973424e-08 2.283839888126958 -21.97599628 -4.01950292 -2.2839233966823764 0.0
7.760330764629085e-08 2.283800706857974 -21.99400904 -4.00584091 -2.283839888126958 0.0
7.684847117849729e-08 2.2834881992128135 -21.99061976 -4.01722512 -2.283800706857974 0.0
7.61048406583052e-08 2.28334743406504 -21.9662761 -4.0177929 -2.2834881992128135 0.0
7.535782773651512e-08 2.2833156674461685 -21.9658729 -4.01755861 -2.28334743406504 0.0
7.461326932741744e-08 2.2833056527042737 -21.99616135 -4.00618076 -2.2833156674461685 0.0
7.388129537365991e-08 2.283132364730749 -21.98026897 -4.01919517 -2.2833056527042737 0.0
7.317003381654067e-08 2.282752470769846 -21.96659388 -4.01161213 -2.283132364730749 0.0
7.245971561147552e-08 2.282742071704268 -22.00163955 -4.01091549 -2.282752470769846 0.0
7.17568788878954e-08 2.28234592356435 -21.99832833 -4.00682801 -2.282742071704268 0.0
7.107685972633712e-08 2.2818852241507974 -21.96684195 -4.01162249 -2.28234592356435 0.0
7.04133008691444e-08 2.2812046141341975 -21.98148754 -4.00665155 -2.2818852241507974 0.0
6.974068558650296e-08 2.2811810594017112 -21.99031358 -4.00598119 -2.2812046141341975 0.0
6.906199799127035e-08 2.28086247571264 -21.97171606 -4.01890002 -2.2811810594017112 0.0
6.840479178174003e-08 2.2804039155260916 -21.99761593 -4.01392957 -2.28086247571264 0.0
6.774339511945026e-08 2.280393584399029 -21.99872035 -4.00734803 -2.2804039155260916 0.0
6.707412016484311e-08 2.2803606279737703 -21.96658072 -4.01221632 -2.280393584399029 0.0
6.642172472506239e-08 2.280041140891022 -21.9712494 -4.01871019 -2.2803606279737703 0.0
6.577551025864265e-08 2.2800131370071117 -21.98094422 -4.00687018 -2.280041140891022 0.0
6.51252320121167e-08 2.280011522791361 -21.97944986 -4.01892313 -2.2800131370071117 0.0
6.448056766582727e-08 2.2800087967484477 -21.99463638 -4.0153569 -2.280011522791361 0.0
6.384363083793057e-08 2.2799650142784365 -21.97984526 -4.01888594 -2.2800087967484477 0.0
6.321567958648478e-08 2.2798770573904945 -21.99183402 -4.01640913 -2.2799650142784365 0.0
6.259708196074719e-08 2.279731760178328 -21.97910236 -4.00723715 -2.2798770573904945 0.0
6.198190191840736e-08 2.279728840574788 -21.97042193 -4.00994057 -2.279731760178328 0.0
6.136893894863546e-08 2.2797083206826354 -21.9654543 -4.01575826 -2.279728840574788 0.0
6.076691737681374e-08 2.279544801537814 -21.97546226 -4.01899099 -2.2797083206826354 0.0
6.017454221918647e-08 2.279399942824892 -21.97549813 -4.0189734 -2.279544801537814 0.0
5.9585690186584506e-08 2.279311993410724 -22.00032505 -4.00873363 -2.279399942824892 0.0
5.900022210848793e-08 2.2792477587232476 -21.99397668 -4.0064379 -2.279311993410724 0.0
5.842233885271073e-08 2.2790970906559673 -21.9654798 -4.01503012 -2.2792477587232476 0.0
5.7869825341270986e-08 2.27835169791686 -21.9728708 -4.00912774 -2.2790970906559673 0.0
5.7323131025110075e-08 2.278180042182742 -21.98118947 -4.01854879 -2.27835169791686 0.0
5.6763655896501475e-08 2.2780669622864367 -21.99432255 -4.01520981 -2.278180042182742 0.0
5.62118706223021e-08 2.2778160016621274 -21.97565219 -4.00829629 -2.2780669622864367 0.0
5.567314066904888e-08 2.277426601148277 -21.99881579 -4.01239506 -2.2778160016621274 0.0
5.513437909828157e-08 2.2773640125539067 -21.99924113 -4.01194361 -2.277426601148277 0.0
5.459043401690809e-08 2.2773555293227563 -21.98750749 -4.00647993 -2.2773640125539067 0.0
5.407070527127982e-08 2.2765957336842773 -21.99761918 -4.01314573 -2.2773555293227563 0.0
5.3556587027097734e-08 2.2765622247920865 -21.9998172 -4.00997656 -2.2765957336842773 0.0
5.3029946590860023e-08 2.2764590990999363 -21.9989204 -4.00852035 -2.2765622247920865 0.0
5.251309637553932e-08 2.276249952838376 -21.96915303 -4.01127362 -2.2764590990999363 0.0
5.199984126872952e-08 2.2762022814437035 -21.97883112 -4.01851091 -2.276249952838376 0.0
5.1495857337705304e-08 2.2758279289242007 -21.97075072 -4.01044101 -2.2762022814437035 0.0
5.100224396323341e-08 2.27556506868467 -21.98575893 -4.00679573 -2.2758279289242007 0.0
5.050625802367643e-08 2.2754720144504423 -21.98413395 -4.00695579 -2.27556506868467 0.0
5.0009544949057354e-08 2.27543113257985 -21.97649828 -4.00837174 -2.2754720144504423 0.0
4.9520011135326744e-08 2.275245426845613 -21.98187145 -4.01811894 -2.27543113257985 0.0
4.903900799539763e-08 2.2750520521943782 -21.99876918 -4.01156158 -2.275245426845613 0.0
4.856128106812526e-08 2.274923830704891 -21.99072721 -4.00678069 -2.2750520521943782 0.0
4.808787451785182e-08 2.274744336905551 -21.99858638 -4.00891174 -2.274923830704891 0.0
4.7621168056554994e-08 2.274528546287473 -21.98744859 -4.00683237 -2.274744336905551 0.0
4.715552718546905e-08 2.274495947181904 -21.98127335 -4.0180965 -2.274528546287473 0.0
4.669826967259873e-08 2.2741161519085114 -21.99749635 -4.00832592 -2.274495947181904 0.0
4.625228907783142e-08 2.2737875878058387 -21.96792178 -4.01307534 -2.2741161519085114 0.0
4.580446784626148e-08 2.2736741038685495 -21.97859756 -4.00808737 -2.2737875878058387 0.0
4.5358104563028076e-08 2.273472464191874 -21.99753808 -4.00855553 -2.2736741038685495 0.0
4.492257618258794e-08 2.2730702591057197 -21.98739355 -4.00702494 -2.273472464191874 0.0
4.448783520553332e-08 2.2730211487483265 -21.96810121 -4.01583818 -2.2730702591057197 0.0
4.40556925535569e-08 2.2726920483424293 -21.99630431 -4.01313195 -2.2730211487483265 0.0
4.363123953729298e-08 2.2724828238296833 -21.98949256 -4.0161739 -2.2726920483424293 0.0
4.320450098685018e-08 2.27244881119146 -21.99090847 -4.01570309 -2.2724828238296833 0.0
4.278891724082409e-08 2.271913340013085 -21.97092555 -4.01113852 -2.27244881119146 0.0
4.238355650023098e-08 2.2715854196031224 -21.99727425 -4.01190816 -2.271913340013085 0.0
4.1979575407191405e-08 2.2711672320513028 -21.98150849 -4.00785618 -2.2715854196031224 0.0
4.157633087128376e-08 2.270989050653918 -21.99464037 -4.01379359 -2.2711672320513028 0.0
4.1171259179340206e-08 2.2708477988206326 -21.97350654 -4.01007301 -2.270989050653918 0.0
4.076713387096938e-08 2.270816795763221 -21.97998401 -4.01772723 -2.2708477988206326 0.0
4.036475149974806e-08 2.270785732935358 -21.97164738 -4.01714083 -2.270816795763221 0.0
3.99658383191142e-08 2.2707798724404693 -21.97027587 -4.01661431 -2.270785732935358 0.0
3.957090605521954e-08 2.2707468605449135 -21.96874493 -4.01533489 -2.2707798724404693 0.0
3.918743563710286e-08 2.270355202224141 -21.97602993 -4.00924392 -2.2707468605449135 0.0
3.881032940188726e-08 2.270185653797723 -21.9690731 -4.01333594 -2.270355202224141 0.0
3.8436582289744283e-08 2.269808094976191 -21.99533794 -4.01305604 -2.270185653797723 0.0
3.8064960622042717e-08 2.269715917833511 -21.99567374 -4.00868588 -2.269808094976191 0.0
3.7693915313086064e-08 2.2694984557041895 -21.97913677 -4.00854904 -2.269715917833511 0.0
3.7332077634375785e-08 2.2691067559204905 -21.98084824 -4.00825789 -2.2694984557041895 0.0
3.697303706666226e-08 2.2689258202309115 -21.99354187 -4.00813605 -2.2691067559204905 0.0
3.661704965593395e-08 2.268556019282741 -21.97923171 -4.01744091 -2.2689258202309115 0.0
3.626321677033153e-08 2.268445235647797 -21.99452327 -4.00855804 -2.268556019282741 0.0
3.626815422948733e-08 2.268283729017761 -21.99007384 -4.01532881 -2.268445235647797 0.0
3.627324468327739e-08 2.2681645403357633 -21.96958897 -4.01432562 -2.268283729017761 0.0
3.628044204387218e-08 2.2678869428072166 -21.9958122 -4.00948842 -2.2681645403357633 0.0
3.6286602413388347e-08 2.2678249535910493 -21.97800183 -4.00908365 -2.2678869428072166 0.0
3.628964414485627e-08 2.267719301276596 -21.97306631 -4.01090943 -2.2678249535910493 0.0
3.629691958226085e-08 2.2674240478466876 -21.983285 -4.01686425 -2.267719301276596 0.0
3.630421299489319e-08 2.267317447674918 -21.97890906 -4.00893687 -2.2674240478466876 0.0
3.6306266187128616e-08 2.26731093780287 -21.97879243 -4.0172613 -2.267317447674918 0.0
3.630766683389248e-08 2.267240293099121 -21.97135756 -4.01212068 -2.26731093780287 0.0
3.631494153064157e-08 2.2669102788201356 -21.97891217 -4.01719293 -2.267240293099121 0.0
3.632167298840008e-08 2.2668695740217037 -21.98593667 -4.0079814 -2.2669102788201356 0.0
3.632345624243427e-08 2.2668120893574892 -21.97156479 -4.01602508 -2.2668695740217037 0.0
3.6326870265117014e-08 2.2666816073294793 -21.9763022 -4.00978266 -2.2668120893574892 0.0
3.6329964325008524e-08 2.2666417472276903 -21.99521997 -4.01201112 -2.2666816073294793 0.0
3.633288739108137e-08 2.266520699428134 -21.97951503 -4.01710584 -2.2666417472276903 0.0
3.6336720371253224e-08 2.266430764391 -21.9797847 -4.0170778 -2.266520699428134 0.0
3.6340274724330445e-08 2.2663250755408613 -21.98707599 -4.00803027 -2.266430764391 0.0
3.6342751416454945e-08 2.2662944608413222 -21.97812726 -4.00930499 -2.2663250755408613 0.0
3.634424453610188e-08 2.2662429088858653 -21.99438587 -4.00917987 -2.2662944608413222 0.0
3.63535682065568e-08 2.2657815037154694 -21.99336559 -4.01326068 -2.2662429088858653 0.0
3.6362124743450266e-08 2.265772171209462 -21.98502073 -4.00821894 -2.2657815037154694 0.0
3.636266938253208e-08 2.26575154762953 -21.97154132 -4.01559107 -2.265772171209462 0.0
3.637275133233755e-08 2.265217797199903 -21.97967629 -4.00910486 -2.26575154762953 0.0
3.638299291913644e-08 2.265188409776437 -21.99302037 -4.01331203 -2.265217797199903 0.0
3.638556500571044e-08 2.265076415618253 -21.97720079 -4.00979405 -2.265188409776437 0.0
3.639013122189206e-08 2.264937436684019 -21.99450447 -4.00985909 -2.265076415618253 0.0
3.639316181053033e-08 2.264909856897518 -21.99330495 -4.01303485 -2.264937436684019 0.0
3.639433056656269e-08 2.2648732084304015 -21.97406808 -4.01639905 -2.264909856897518 0.0
3.6404621194565396e-08 2.2643444991786823 -21.97311845 -4.01593703 -2.2648732084304015 0.0
3.6416789036072655e-08 2.2642047772653395 -21.97199262 -4.01518233 -2.2643444991786823 0.0
3.642168661769562e-08 2.264075542728075 -21.98902196 -4.00846714 -2.2642047772653395 0.0
3.642823098908069e-08 2.263845451868053 -21.9752784 -4.0163965 -2.264075542728075 0.0
3.6433827567969825e-08 2.2637682885557093 -21.97180277 -4.01458754 -2.263845451868053 0.0
3.643610206544331e-08 2.263720598488962 -21.97182026 -4.01456708 -2.2637682885557093 0.0
3.64380433264512e-08 2.2636617346841863 -21.97937745 -4.01661152 -2.263720598488962 0.0
3.6439797685365134e-08 2.263624307583856 -21.9721633 -4.01296592 -2.2636617346841863 0.0
3.644152202473931e-08 2.2635670969441675 -21.98643909 -4.00852792 -2.263624307583856 0.0
3.644616423889651e-08 2.2633695566624175 -21.99359581 -4.01214388 -2.2635670969441675 0.0
3.645680745194555e-08 2.262983158573076 -21.97588791 -4.0162927 -2.2633695566624175 0.0
3.646497180802914e-08 2.262921678432336 -21.99321773 -4.01231216 -2.262983158573076 0.0
3.646751114273103e-08 2.262843888703297 -21.99043908 -4.01407425 -2.262921678432336 0.0
3.6471991395232844e-08 2.2626759870623268 -21.9888324 -4.00874659 -2.262843888703297 0.0
3.647639924199121e-08 2.2626021862928702 -21.97768321 -4.01638191 -2.2626759870623268 0.0
3.648252446125521e-08 2.2623401854475254 -21.98395047 -4.00890873 -2.2626021862928702 0.0
3.648758232491525e-08 2.2623249124396803 -21.99308008 -4.01211846 -2.2623401854475254 0.0
3.6489391790669144e-08 2.262241007057093 -21.99304067 -4.01211187 -2.2623249124396803 0.0
3.6497109253710215e-08 2.261901986513588 -21.98953985 -4.00899566 -2.262241007057093 0.0
3.65039250573282e-08 2.261867515219179 -21.98610418 -4.01534692 -2.261901986513588 0.0
3.650881950223619e-08 2.261633857916201 -21.99297794 -4.01170212 -2.261867515219179 0.0
3.6514003917887574e-08 2.2615835134223436 -21.97370914 -4.01514027 -2.261633857916201 0.0
3.652168415419142e-08 2.261213262322765 -21.97323193 -4.01436647 -2.2615835134223436 0.0
3.653288862179255e-08 2.260970009133005 -21.97717531 -4.01595986 -2.261213262322765 0.0
3.65377124543061e-08 2.260949183434725 -21.98201255 -4.00944057 -2.260970009133005 0.0
3.653937826394417e-08 2.2608788293118423 -21.98870378 -4.01430718 -2.260949183434725 0.0
3.6541121756917395e-08 2.2608537537260185 -21.97705319 -4.0107742 -2.2608788293118423 0.0
3.6541612950401274e-08 2.260851944913273 -21.99257237 -4.01161975 -2.2608537537260185 0.0
3.6546246867235994e-08 2.260600161554721 -21.9780765 -4.01594547 -2.260851944913273 0.0
3.6561646649750225e-08 2.2600094379164672 -21.98118863 -4.00978562 -2.260600161554721 0.0
3.657340850067148e-08 2.259956780162684 -21.97401117 -4.01326017 -2.2600094379164672 0.0
3.658201523898955e-08 2.2595388807325616 -21.99114857 -4.01028879 -2.259956780162684 0.0
3.6592232874942453e-08 2.2593982041897736 -21.97534109 -4.01215181 -2.2595388807325616 0.0
3.6596303803659453e-08 2.2593163874945574 -21.98087733 -4.01000752 -2.2593982041897736 0.0
3.6600546135877305e-08 2.25916637673272 -21.97442771 -4.01380727 -2.2593163874945574 0.0
3.661021692711981e-08 2.258788036804312 -21.98549503 -4.00957076 -2.25916637673272 0.0
3.662041135105247e-08 2.2586095095579672 -21.98017812 -4.01549194 -2.258788036804312 0.0
3.662389243378814e-08 2.2585979208310247 -21.97484621 -4.0134253 -2.2586095095579672 0.0
3.662778026046811e-08 2.2583972199137365 -21.97751494 -4.01130518 -2.2585979208310247 0.0
3.663265835419039e-08 2.258331569249026 -21.97837018 -4.01534996 -2.2583972199137365 0.0
3.663786846738274e-08 2.2581127992063075 -21.98476073 -4.0097709 -2.258331569249026 0.0
3.6642679568580626e-08 2.2580689450342097 -21.98914676 -4.01322007 -2.2581127992063075 0.0
3.664516663293891e-08 2.2579770585822176 -21.98566702 -4.01455693 -2.2580689450342097 0.0
3.6653100961680765e-08 2.2576359833951853 -21.97607318 -4.01254903 -2.2579770585822176 0.0
3.666976622539494e-08 2.2570679660069177 -21.98026492 -4.01504999 -2.2576359833951853 0.0
3.6681971401332043e-08 2.256970335278243 -21.98113486 -4.01057492 -2.2570679660069177 0.0
3.6684131679765035e-08 2.2569501829878664 -21.98464907 -4.01010297 -2.256970335278243 0.0
3.669160908375808e-08 2.256562750023148 -21.98942805 -4.01190173 -2.2569501829878664 0.0
3.67028368157285e-08 2.256338246252261 -21.97857468 -4.01465461 -2.256562750023148 0.0
3.671088813960779e-08 2.256124066673632 -21.98766575 -4.01058896 -2.256338246252261 0.0
3.673133742237316e-08 2.255224675375695 -21.98390299 -4.01409656 -2.256124066673632 0.0
3.674842368252054e-08 2.2551937440549312 -21.9779975 -4.01361027 -2.255224675375695 0.0
3.674928480003631e-08 2.2551778102005664 -21.9863137 -4.01079856 -2.2551937440549312 0.0
3.675259189000058e-08 2.2550137776282213 -21.98575302 -4.01081412 -2.2551778102005664 0.0
3.675561186898246e-08 2.255013469218418 -21.98755075 -4.01247326 -2.2550137776282213 0.0
3.6757350699332366e-08 2.2549191663145303 -21.98337086 -4.01407111 -2.255013469218418 0.0
3.676157872115518e-08 2.254783434419429 -21.979999 -4.01412533 -2.2549191663145303 0.0
3.67648685889324e-08 2.2547401861534606 -21.98006568 -4.01175622 -2.254783434419429 0.0
3.676682891875601e-08 2.254676796328903 -21.98495004 -4.0136003 -2.2547401861534606 0.0
3.6769658689813343e-08 2.25458626246483 -21.98683184 -4.01133205 -2.254676796328903 0.0
3.67745684183724e-08 2.254409766638092 -21.98191382 -4.01136311 -2.25458626246483 0.0
3.677783681018309e-08 2.2544085097457582 -21.98620546 -4.011252 -2.254409766638092 0.0
3.6781177465097715e-08 2.254228116280306 -21.98520002 -4.01119444 -2.2544085097457582 0.0
3.678474372377036e-08 2.254214593464951 -21.98125935 -4.01389362 -2.254228116280306 0.0
3.6786428832631554e-08 2.254136499871261 -21.98660989 -4.01224068 -2.254214593464951 0.0
3.679422983826451e-08 2.253790542719142 -21.98035551 -4.0123324 -2.254136499871261 0.0
3.680222482780429e-08 2.253701940678015 -21.9832425 -4.01155921 -2.253790542719142 0.0
3.680808649474994e-08 2.2534720297399913 -21.98060541 -4.01291185 -2.253701940678015 0.0
3.681248259122623e-08 2.2534630759483965 -21.98084624 -4.01317369 -2.2534720297399913 0.0
3.681916369490164e-08 2.253109113639585 -21.98361515 -4.01276976 -2.2534630759483965 0.0
3.682637397711455e-08 2.253071424119224 -21.9838927 -4.01248175 -2.253109113639585 0.0
