0.0 279898.23133478453 -24.18236681 -2.05681003 -248.0451137716695 0.0
0.0 101857.58507182477 -23.19159345 -2.04544506 -279898.23133478453 0.0
0.0 101381.1040367611 -23.85041871 -2.24910346 -101857.58507182477 0.0
0.0 83270.46064884699 -24.07814501 -2.31339478 -101381.1040367611 0.0
0.0 56987.11055512666 -23.0994149 -2.17887383 -83270.46064884699 0.0
0.0 35717.341601811815 -24.63389263 -2.26199655 -56987.11055512666 0.0
0.0 29342.879118841323 -22.84329196 -2.25677494 -35717.341601811815 0.0
0.0 22650.914868566444 -23.67054996 -2.57265943 -29342.879118841323 0.0
0.0 21805.363859516943 -22.75968105 -2.30104194 -22650.914868566444 0.0
0.0 16034.08086317005 -24.7321905 -2.30384987 -21805.363859516943 0.0
0.0 11616.915410506124 -23.25694624 -2.64473523 -16034.08086317005 0.0
0.0 8274.166841805723 -23.39243757 -2.7547451 -11616.915410506124 0.0
0.0 6686.617767134361 -22.28527465 -2.31895346 -8274.166841805723 0.0
0.0 3672.062653969365 -24.64928178 -2.48476871 -6686.617767134361 0.0
0.0 2352.7939027976395 -21.83793489 -2.28494427 -3672.062653969365 0.0
0.0 1986.8031645788346 -23.04198641 -2.99102002 -2352.7939027976395 0.0
0.0 1334.4280127193847 -22.25959727 -2.89531798 -1986.8031645788346 0.0
0.0 1171.7005881464954 -21.37547408 -2.0991903 -1334.4280127193847 0.0
0.0 1127.9251504044219 -21.69862458 -2.43697277 -1171.7005881464954 0.0
0.0 1053.0344466329145 -22.89671078 -3.08779812 -1127.9251504044219 0.0
5.971294884944361e-245 556.8391096665406 -21.78577378 -2.82061662 -1053.0344466329145 0.0
2.412678989745291e-189 428.7906201864375 -21.25857233 -2.41638531 -556.8391096665406 0.0
2.2258821334245184e-183 415.04574481342115 -21.18431029 -2.35866395 -428.7906201864375 0.0
1.127159119919824e-158 358.1516189720175 -21.57873585 -2.82964796 -415.04574481342115 0.0
6.00364686907251e-146 328.83798084315606 -22.60483137 -3.25568218 -358.1516189720175 0.0
6.805514063097247e-140 314.8871547486569 -22.05270846 -3.23744839 -328.83798084315606 0.0
1.2140024653818053e-128 288.9699928802323 -24.75176382 -4.44752691 -314.8871547486569 0.0
3.1228214916544004e-128 288.5012032797436 -24.58775319 -4.93194789 -288.9699928802323 0.0
3.89106338235997e-128 288.45626091022973 -24.37276899 -4.88304582 -288.5012032797436 0.0
4.2878705161593545e-128 288.2932204226464 -24.07794877 -5.14445992 -288.45626091022973 0.0
4.73816732791434e-128 288.23097027041683 -24.94798677 -5.54285193 -288.2932204226464 0.0
4.85253022093939e-128 288.2246614119813 -24.80423824 -5.56405972 -288.23097027041683 0.0
4.835855363150275e-128 288.2179553810189 -24.52977713 -5.58107469 -288.2246614119813 0.0
4.811039590686222e-128 288.2150412946702 -23.83473237 -5.19569755 -288.2179553810189 0.0
4.806652647726695e-128 288.19993418252886 -24.5580451 -5.67036111 -288.2150412946702 0.0
4.818461278358641e-128 288.1901998393273 -23.83230451 -5.1052372 -288.19993418252886 0.0
4.845227879705252e-128 288.1690424621398 -23.72719754 -5.78528497 -288.1901998393273 0.0
4.849324816424872e-128 288.1684969376181 -23.54820509 -5.50972774 -288.1690424621398 0.0
4.827761438718166e-128 288.15808202782966 -24.53317372 -5.97439519 -288.1684969376181 0.0
4.849855482328882e-128 288.139523230327 -23.24540136 -5.75541726 -288.15808202782966 0.0
4.920264014675592e-128 288.1094941214205 -22.88103376 -5.89737177 -288.139523230327 0.0
4.950902712760991e-128 288.1069832452009 -23.25901267 -5.53559455 -288.1094941214205 0.0
4.911618905235339e-128 288.1055250607097 -23.66839176 -5.14099992 -288.1069832452009 0.0
4.922685731762582e-128 288.08271085388697 -22.58021173 -5.976167 -288.1055250607097 0.0
4.993202248531236e-128 288.0572104923065 -24.63713846 -4.17673426 -288.08271085388697 0.0
5.063640565434013e-128 288.0347571315404 -22.70245742 -5.7416455 -288.0572104923065 0.0
5.129445345676418e-128 288.0114954094676 -22.14750647 -5.96743682 -288.0347571315404 0.0
5.174747590867685e-128 287.99718632367444 -23.44667684 -5.20760745 -288.0114954094676 0.0
5.348951049303454e-128 287.926570137445 -23.20038506 -5.29892549 -287.99718632367444 0.0
5.485242075951973e-128 287.92571793944063 -22.24297396 -5.78582014 -287.926570137445 0.0
5.669922188196594e-128 287.84218489502234 -22.96727897 -5.35016393 -287.92571793944063 0.0
6.481123114895366e-128 287.6462215825329 -23.05831826 -5.18708245 -287.84218489502234 0.0
7.10344128805707e-128 287.62939882185077 -23.64074709 -4.87103056 -287.6462215825329 0.0
7.323703753967096e-128 287.5661756517733 -22.68396109 -5.33383062 -287.62939882185077 0.0
7.558473547295251e-128 287.5454997441213 -21.84397305 -5.73268962 -287.5661756517733 0.0
7.749390905478828e-128 287.49686931144885 -22.37319728 -5.457294 -287.5454997441213 0.0
8.077814410442466e-128 287.4427264931153 -21.42252691 -5.90101778 -287.49686931144885 0.0
8.408038160657871e-128 287.396633316287 -23.69946023 -4.76454743 -287.4427264931153 0.0
8.518077078266335e-128 287.39628986636995 -22.68035815 -5.27491044 -287.396633316287 0.0
8.950724788186894e-128 287.2809677980106 -24.31315506 -4.34546255 -287.39628986636995 0.0
9.379003448852327e-128 287.2795887173734 -23.91342601 -4.61311252 -287.2809677980106 0.0
1.0472865095494238e-127 287.05322167165406 -22.96858446 -5.04811616 -287.2795887173734 0.0
1.2127825378836532e-127 286.9558448399552 -23.94555404 -4.53491801 -287.05322167165406 0.0
1.3341119410178394e-127 286.84341291511083 -23.51894145 -4.74005095 -286.9558448399552 0.0
1.8590454219103604e-127 286.3335012626744 -22.57255362 -5.12363297 -286.84341291511083 0.0
2.5870950867902513e-127 286.1106473550068 -24.15192825 -4.31480594 -286.3335012626744 0.0
2.9474996568675333e-127 286.0415601097773 -23.08772891 -4.84004008 -286.1106473550068 0.0
3.198820003775768e-127 285.9290662093678 -21.71814301 -5.49324671 -286.0415601097773 0.0
4.80671223143807e-127 285.30105523958423 -21.36857515 -5.59885926 -285.9290662093678 0.0
7.089429350842439e-127 285.05060278139683 -23.28169839 -4.65844321 -285.30105523958423 0.0
9.545617282927581e-127 284.70096625032005 -22.70980885 -4.91151079 -285.05060278139683 0.0
1.497678065259289e-126 284.16930600182735 -22.09283938 -5.17944287 -284.70096625032005 0.0
1.8814435820041994e-126 284.15502108053533 -22.1088998 -5.17086308 -284.16930600182735 0.0
2.4612772890297673e-126 283.67025522643837 -23.59825284 -4.42187885 -284.15502108053533 0.0
3.279763200861228e-126 283.50923096996496 -23.6392716 -4.39409713 -283.67025522643837 0.0
5.496733383319277e-126 282.75138613474024 -22.13129403 -5.09159143 -283.50923096996496 0.0
8.684550331846456e-126 282.4560079604846 -24.69568748 -3.81014118 -282.75138613474024 0.0
1.0954348042589717e-125 282.2554133043711 -22.08447406 -5.09397211 -282.4560079604846 0.0
1.2259198256916794e-125 282.2017054630735 -21.03653663 -5.5207217 -282.2554133043711 0.0
1.25060492048962e-125 282.19493120827207 -23.34989698 -4.47725913 -282.2017054630735 0.0
2.3779841839971806e-125 281.1553622407838 -23.27152636 -4.47877962 -282.19493120827207 0.0
7.850478834943555e-125 279.8987858585845 -22.53652756 -4.79941891 -281.1553622407838 0.0
2.0788693472157006e-124 279.0085056455306 -21.55923376 -5.22389614 -279.8987858585845 0.0
4.661961623227189e-124 278.22239857189396 -21.51016391 -5.22010986 -279.0085056455306 0.0
7.253445735949938e-124 277.9697679245193 -24.53593749 -3.77872987 -278.22239857189396 0.0
1.4213710211578027e-123 277.04689462496486 -22.77135471 -4.6181947 -277.9697679245193 0.0
2.220590221827009e-123 276.8604702206609 -23.49203905 -4.26347406 -277.04689462496486 0.0
7.504553942511663e-123 275.2029816772433 -21.1985927 -5.19990293 -276.8604702206609 0.0
1.541877349008431e-122 274.817249306063 -21.30718747 -5.1808766 -275.2029816772433 0.0
2.136597759333318e-122 274.5162492595392 -21.12611704 -5.16705044 -274.817249306063 0.0
3.2571634557501107e-122 273.99792561613793 -22.86666895 -4.51695446 -274.5162492595392 0.0
1.6377085091907198e-121 272.03747589843977 -23.61748514 -3.14503754 -273.99792561613793 0.0
7.375331287430126e-121 270.6050415999063 -23.17699759 -4.31707773 -272.03747589843977 0.0
1.9038407263632184e-120 269.8032282421839 -23.2693881 -4.26189378 -270.6050415999063 0.0
4.021187727344738e-120 269.06603149756904 -21.58140886 -5.00009263 -269.8032282421839 0.0
6.618256310406505e-120 268.6892130358528 -23.4062317 -4.18180369 -269.06603149756904 0.0
2.0063354606213736e-119 267.26312772184644 -21.60524012 -4.96397744 -268.6892130358528 0.0
3.4346248614024885e-119 267.1282484355282 -21.35523654 -2.79632192 -267.26312772184644 0.0
4.122539061908956e-119 266.8879594233998 -21.19587715 -4.92446236 -267.1282484355282 0.0
7.166008581505623e-119 266.128900411214 -21.49934228 -4.96227563 -266.8879594233998 0.0
6.1483815163707e-118 263.6674152792991 -24.35196375 -3.67096923 -266.128900411214 0.0
1.4151296569846687e-117 263.24676136741954 -21.55285392 -4.90768415 -263.6674152792991 0.0
1.8657099703399445e-117 263.0595114029412 -21.96173333 -4.79483889 -263.24676136741954 0.0
3.293199129177887e-117 262.2436567976751 -22.43964821 -4.58132166 -263.0595114029412 0.0
4.9664544608418026e-117 262.0639917673135 -23.59946232 -4.0209395 -262.2436567976751 0.0
1.3069104114490884e-116 260.70854138888274 -24.95634391 -3.34904145 -262.0639917673135 0.0
2.919729192577297e-116 260.0997635265696 -23.10152336 -4.2469811 -260.70854138888274 0.0
3.769720091512352e-116 260.0864092905218 -21.10421524 -4.6445439 -260.0997635265696 0.0
4.628630737305853e-116 259.7053766160865 -22.23724333 -4.649069 -260.0864092905218 0.0
7.129488793199474e-116 259.223880885301 -23.36761692 -4.11034997 -259.7053766160865 0.0
8.82022473190049e-116 259.2025657505277 -23.32003128 -4.1333841 -259.223880885301 0.0
1.0438768869063487e-115 258.8910682667745 -21.80527605 -4.80129397 -259.2025657505277 0.0
1.2677908318692444e-115 258.7733014636244 -21.10024739 -4.60125284 -258.8910682667745 0.0
1.3759000383317739e-115 258.70519725951794 -23.21071481 -4.18274445 -258.7733014636244 0.0
1.9167853205444391e-115 258.16202773325665 -21.47636387 -4.81683586 -258.70519725951794 0.0
2.5009531827134695e-115 258.08198398390994 -21.12013609 -4.59926961 -258.16202773325665 0.0
1.4368459205398173e-114 255.76363112250897 -21.69414123 -4.78776964 -258.08198398390994 0.0
3.4430408810736644e-114 255.25774971072966 -21.91442691 -4.73241047 -255.76363112250897 0.0
4.796797068929713e-114 255.0301572685864 -21.02739398 -4.41549015 -255.25774971072966 0.0
6.109458245008182e-114 254.7594172907619 -21.96453605 -4.71180675 -255.0301572685864 0.0
9.665184836521344e-114 254.1624137020367 -21.83715927 -4.74331217 -254.7594172907619 0.0
1.3401736921780967e-113 254.00424554430793 -22.76769552 -4.36202498 -254.1624137020367 0.0
4.752558221389839e-113 252.2744684025281 -24.05984506 -3.72392625 -254.00424554430793 0.0
1.169478027250458e-112 251.61899635777795 -21.37053223 -2.86178279 -252.2744684025281 0.0
2.614822756480227e-112 250.73080767708421 -21.20168887 -4.48022555 -251.61899635777795 0.0
6.880604524279345e-112 249.71881543472915 -21.7448576 -3.22908048 -250.73080767708421 0.0
1.200374380002488e-111 249.38055371990026 -23.26334258 -4.09373335 -249.71881543472915 0.0
2.292405203888005e-111 248.54585559422895 -23.41010687 -4.01735834 -249.38055371990026 0.0
3.6361966063361235e-111 248.28552783305466 -21.9035768 -4.67280567 -248.54585559422895 0.0
4.618725750103514e-111 248.0451137716695 -23.93623752 -3.75807573 -248.28552783305466 0.0
2.027468072452239e-110 246.110742861819 -21.04162491 -4.18192446 -248.0451137716695 0.0
4.4323895613958595e-110 245.68735561220726 -21.77849168 -4.66920202 -246.110742861819 0.0
5.972120573301171e-110 245.46263112563938 -23.66250242 -3.87692225 -245.68735561220726 0.0
9.469174716285405e-110 244.83107739949514 -23.91855018 -3.74876527 -245.46263112563938 0.0
1.4251261974631945e-109 244.54711388380287 -21.11786955 -4.23508843 -244.83107739949514 0.0
5.124762173005209e-109 242.8670146416133 -21.50524496 -4.56499924 -244.54711388380287 0.0
9.978745847775961e-109 242.57948700446025 -23.31755707 -4.02978485 -242.8670146416133 0.0
1.6183748228186103e-108 241.95528275329903 -21.0942115 -4.13997692 -242.57948700446025 0.0
2.101640620045725e-108 241.94117814413534 -24.94646111 -3.23564639 -241.95528275329903 0.0
2.318340847224283e-108 241.74834697428656 -21.17235113 -4.23363126 -241.94117814413534 0.0
7.090731973462997e-108 240.21439180103593 -21.28119953 -4.32571301 -241.74834697428656 0.0
3.346740938504203e-107 238.64676643983137 -21.35376498 -4.36903077 -240.21439180103593 0.0
8.854815687065087e-107 237.84497417782694 -21.24470435 -4.23393924 -238.64676643983137 0.0
1.2352108596283958e-106 237.80494701189434 -21.8389041 -4.59255263 -237.84497417782694 0.0
1.8013436272098058e-106 237.1694119347683 -22.52017918 -4.37734513 -237.80494701189434 0.0
2.7705992093268616e-106 236.85005340791545 -21.71056453 -3.24624544 -237.1694119347683 0.0
6.9523658227970675e-106 235.6333663741355 -21.48447664 -4.43294174 -236.85005340791545 0.0
1.1566736357646423e-105 235.4694757237104 -23.59510008 -3.86073915 -235.6333663741355 0.0
3.3434789084250172e-105 233.9883982930715 -21.57421155 -4.47310302 -235.4694757237104 0.0
5.6948645712939154e-105 233.88269402372453 -22.20458763 -4.48506288 -233.9883982930715 0.0
7.459842399078833e-105 233.46837767402826 -24.52384526 -3.40065147 -233.88269402372453 0.0
1.1665752435570455e-103 230.24029268642508 -21.38092257 -2.95656849 -233.46837767402826 0.0
2.2512505005355737e-103 230.2142921794437 -22.41134652 -4.38898943 -230.24029268642508 0.0
3.096229582109099e-103 229.65895382486366 -24.6840669 -3.30722206 -230.2142921794437 0.0
8.043565160505792e-103 228.5180489431821 -21.15270415 -3.90498535 -229.65895382486366 0.0
1.7585963106224943e-102 227.86896377263741 -21.67781114 -4.45482075 -228.5180489431821 0.0
6.8730189253753095e-102 226.2575490966163 -21.11763089 -3.82214793 -227.86896377263741 0.0
1.6744258949121813e-101 225.5888280020437 -21.02112967 -3.71211429 -226.2575490966163 0.0
3.080008953770609e-101 224.99565392159928 -21.72182341 -4.44410713 -225.5888280020437 0.0
4.8733032564965276e-101 224.6028691749692 -21.81171177 -3.34551165 -224.99565392159928 0.0
1.4369194338174373e-100 223.2193954386122 -23.43278326 -3.89026276 -224.6028691749692 0.0
2.3197632107269877e-100 223.18081740268343 -23.50169029 -3.85665834 -223.2193954386122 0.0
3.0870408186448834e-100 222.68779028137033 -22.4674402 -3.31794755 -223.18081740268343 0.0
5.267132068050993e-100 222.11353983519615 -21.58490762 -4.31648468 -222.68779028137033 0.0
7.246415808519156e-100 221.95480763536773 -21.18969253 -2.80971077 -222.11353983519615 0.0
9.551633375604347e-100 221.57145367314791 -21.15106317 -3.76524617 -221.95480763536773 0.0
8.2985112485226e-99 218.95000171102674 -24.57629534 -3.31904173 -221.57145367314791 0.0
2.0920450515666784e-98 218.4011292306566 -22.11639456 -4.42592739 -218.95000171102674 0.0
2.75868720339236e-98 218.3048056275346 -22.57635711 -4.2701611 -218.4011292306566 0.0
4.5051390967585134e-98 217.54057394215434 -22.466174 -3.32245158 -218.3048056275346 0.0
6.182826413790382e-98 217.509442019433 -23.61697483 -3.78055132 -217.54057394215434 0.0
1.599648806544e-97 216.08726490569057 -21.1623413 -3.67128205 -217.509442019433 0.0
4.4714717315248655e-96 212.5596792771447 -21.55029248 -4.14945118 -216.08726490569057 0.0
1.8720675983461434e-95 211.34989053613077 -21.40800063 -3.10848474 -212.5596792771447 0.0
7.972340186315752e-95 209.8273128604411 -21.14975569 -2.86000839 -211.34989053613077 0.0
1.5781842605481654e-94 209.46577821933602 -21.19434743 -2.91446323 -209.8273128604411 0.0
2.0645616654333656e-94 209.24931696916704 -21.37301705 -3.77904419 -209.46577821933602 0.0
3.7364135481544955e-94 208.4164103934488 -21.65579099 -4.20425517 -209.24931696916704 0.0
2.5085174183776276e-93 206.24975497797752 -21.30748087 -3.05485782 -208.4164103934488 0.0
4.7882051393775545e-93 206.11110377178196 -21.03401818 -3.33638092 -206.24975497797752 0.0
5.586544764484934e-93 205.92526319598343 -21.50096647 -3.24484957 -206.11110377178196 0.0
9.598425849069633e-93 205.1476235187971 -21.56411737 -3.31648237 -205.92526319598343 0.0
1.7180940416067517e-92 204.65379746147056 -24.97539532 -3.08058395 -205.1476235187971 0.0
2.393795293645029e-92 204.41791530167504 -23.36304852 -3.86230743 -204.65379746147056 0.0
3.1252109987686155e-92 204.11033429145164 -22.59548757 -4.21104151 -204.41791530167504 0.0
3.59797919930577e-92 204.0927915969853 -21.28751155 -3.54837135 -204.11033429145164 0.0
1.8808476126907734e-91 201.84489942415516 -21.21013927 -3.39922633 -204.0927915969853 0.0
3.451646014413949e-91 201.79679864763244 -22.08115146 -4.34080162 -201.84489942415516 0.0
8.660498005058208e-91 200.42324631656015 -21.49792662 -3.83541101 -201.79679864763244 0.0
1.5295221895839572e-90 200.21184538725421 -21.74326413 -4.18946977 -200.42324631656015 0.0
1.7488998747779397e-90 200.12597362308213 -24.60225441 -3.24791035 -200.21184538725421 0.0
1.8729563869418379e-90 200.05432261251684 -21.12369747 -3.2613141 -200.12597362308213 0.0
2.3115712383057703e-90 199.71296242070053 -21.56753575 -3.40138998 -200.05432261251684 0.0
3.046615989961827e-90 199.46816663548398 -21.4796417 -3.32919317 -199.71296242070053 0.0
6.75481589876106e-90 198.372086475564 -21.20906144 -3.12023773 -199.46816663548398 0.0
1.0200739480421155e-89 198.33773476102925 -23.23131242 -3.29090718 -198.372086475564 0.0
1.0415939981180374e-89 198.31032442892302 -21.00738655 -3.06596686 -198.33773476102925 0.0
1.3651924075037633e-89 197.83298944596746 -21.52038884 -3.82349884 -198.31032442892302 0.0
1.7465227131795956e-89 197.74334005592985 -21.0504834 -3.00577314 -197.83298944596746 0.0
1.836542965364427e-89 197.71082806699067 -21.57057839 -3.94701783 -197.74334005592985 0.0
2.0466975796170634e-89 197.51596766020842 -21.77392068 -3.44179119 -197.71082806699067 0.0
2.3298902458471784e-89 197.4243597995554 -21.60032156 -3.4568291 -197.51596766020842 0.0
1.5095053222925048e-88 194.98075250428596 -21.55297668 -3.84275663 -197.4243597995554 0.0
4.779921746369338e-88 194.0741205747566 -24.33730748 -3.35990126 -194.98075250428596 0.0
1.1164253515555081e-87 193.23610450719428 -21.58856042 -3.54970758 -194.0741205747566 0.0
1.8674413475259584e-87 192.88529659577506 -22.14087284 -4.29310124 -193.23610450719428 0.0
3.9700265213763393e-87 191.90732962995114 -22.51249367 -4.2026005 -192.88529659577506 0.0
6.270158344380211e-87 191.72912414259986 -22.92789367 -4.03057218 -191.90732962995114 0.0
9.054709369080139e-87 191.21092740628234 -22.08311431 -3.38091254 -191.72912414259986 0.0
1.3960376290270877e-86 190.8157443207483 -22.05810797 -4.27748131 -191.21092740628234 0.0
2.454929162469408e-85 187.45801990052985 -21.64187521 -3.59213494 -190.8157443207483 0.0
5.349206090496913e-85 187.2132141445136 -21.83970625 -4.14183564 -187.45801990052985 0.0
8.425963452941455e-85 186.60540506194224 -21.63619291 -3.61883547 -187.2132141445136 0.0
9.154417842186777e-84 183.83603744118315 -24.96304314 -3.03092505 -186.60540506194224 0.0
3.232390513783698e-83 182.81003773363045 -24.19711919 -3.39993083 -183.83603744118315 0.0
9.52707706790204e-83 181.69690846142186 -22.82213163 -4.05006884 -182.81003773363045 0.0
7.404216699647149e-82 179.45319664362071 -22.26231447 -4.22400866 -181.69690846142186 0.0
1.57217861002634e-81 179.1368883368103 -24.36996287 -2.83142821 -179.45319664362071 0.0
3.384994332884578e-81 178.1218362579708 -22.41550053 -4.18852929 -179.1368883368103 0.0
9.587956373660872e-81 177.0579794548917 -22.13738231 -3.39369998 -178.1218362579708 0.0
8.851914642423746e-80 174.61191814952497 -21.71933974 -3.66487775 -177.0579794548917 0.0
1.6423872858104312e-79 174.57625552074316 -23.18833566 -3.86766889 -174.61191814952497 0.0
2.135720953938516e-79 174.11835848692806 -22.53878083 -3.36337541 -174.57625552074316 0.0
1.948052228174616e-78 171.47641658516872 -22.00384138 -4.13235038 -174.11835848692806 0.0
1.3631345775116227e-77 169.59378747549158 -21.77630582 -3.61917957 -171.47641658516872 0.0
9.104598092939126e-77 167.680899779532 -23.02287979 -3.9275384 -169.59378747549158 0.0
1.962934852397455e-76 167.27605945400433 -21.89003147 -3.99787312 -167.680899779532 0.0
2.7906953633202776e-76 166.94403605756764 -22.22948494 -4.17375634 -167.27605945400433 0.0
3.278832846676242e-76 166.9066799842854 -23.86227145 -3.52739759 -166.94403605756764 0.0
6.38923501400016e-76 165.85443643919183 -24.10314428 -2.96163996 -166.9066799842854 0.0
1.931770338427788e-75 164.71662727113505 -24.05634213 -3.42819692 -165.85443643919183 0.0
3.695747088202286e-75 164.27733809748634 -23.3362812 -3.27599913 -164.71662727113505 0.0
4.68925316711035e-75 164.1752871131984 -21.838468 -3.89116103 -164.27733809748634 0.0
2.7250431567600095e-74 161.85591336206986 -22.31016963 -4.15128488 -164.1752871131984 0.0
6.6755625474105235e-74 161.31503928946378 -23.16169647 -3.85026672 -161.85591336206986 0.0
2.681860654649321e-73 159.62492492611278 -23.89134335 -3.49809604 -161.31503928946378 0.0
4.259496939552375e-72 156.7344939578434 -23.78703396 -3.54296366 -159.62492492611278 0.0
8.975414533862256e-72 156.51419210336687 -23.85419584 -3.50989611 -156.7344939578434 0.0
1.317583859786755e-71 156.00006078662915 -22.18734257 -4.11773326 -156.51419210336687 0.0
1.652948168431204e-70 153.0426478549106 -21.87409988 -3.65258872 -156.00006078662915 0.0
7.124150928005737e-70 151.76750254516185 -23.85343671 -3.50089668 -153.0426478549106 0.0
6.04515432062368e-69 149.46844868822922 -22.29301055 -4.10384938 -151.76750254516185 0.0
4.427857892560281e-68 147.50269501828353 -22.22279135 -4.08524373 -149.46844868822922 0.0
8.913580796068559e-68 147.22661811563097 -22.10993346 -4.03350459 -147.50269501828353 0.0
4.4735241747691774e-67 145.1578510298069 -22.86459762 -3.37218837 -147.22661811563097 0.0
1.0982298707079951e-66 144.57409007189668 -24.55036067 -3.14766085 -145.1578510298069 0.0
1.0914597552598841e-65 141.8905543402052 -22.65867042 -4.01429709 -144.57409007189668 0.0
3.1159941492126087e-65 141.1579771215714 -21.966383 -3.61917871 -141.8905543402052 0.0
4.7329617604182856e-65 140.91776804060595 -23.38980396 -3.70280102 -141.1579771215714 0.0
1.4537442124650152e-63 136.921026972697 -22.35897063 -3.42723796 -140.91776804060595 0.0
5.514575073119836e-63 135.85573185497668 -22.03863008 -3.56583344 -136.921026972697 0.0
1.5964387553156993e-62 134.7802026385406 -21.99698757 -3.64912188 -135.85573185497668 0.0
5.259314422250613e-62 133.53825110359568 -23.55182751 -3.6122614 -134.7802026385406 0.0
1.5200292332840269e-61 132.52224065359403 -22.00668786 -3.72579922 -133.53825110359568 0.0
4.584402673008263e-61 131.3751633633255 -23.55625678 -3.60623974 -132.52224065359403 0.0
2.8987362750358543e-60 129.3717504303079 -22.87202987 -3.38335154 -131.3751633633255 0.0
5.800610558689011e-60 129.1142543960459 -22.04011664 -3.77389338 -129.3717504303079 0.0
7.225239484724411e-60 128.90682266159558 -22.49815051 -4.02124022 -129.1142543960459 0.0
2.37874560579959e-59 127.2919043822736 -23.41191895 -3.66726638 -128.90682266159558 0.0
4.3318509321743205e-59 127.10532473660629 -24.58341563 -3.10008255 -127.2919043822736 0.0
6.933241438200947e-59 126.43344341947366 -24.587631 -3.0968661 -127.10532473660629 0.0
1.054766991105931e-58 126.15481926688206 -22.15921841 -3.92638737 -126.43344341947366 0.0
5.105184268607551e-58 124.1282184826639 -22.06081039 -3.69229446 -126.15481926688206 0.0
2.9368988464671716e-57 122.40974628257177 -23.17155574 -3.76878133 -124.1282184826639 0.0
6.411577619705461e-57 121.93950713862056 -23.67035303 -3.53499754 -122.40974628257177 0.0
6.791668056826853e-56 119.14320864151811 -24.9102997 -2.92781956 -121.93950713862056 0.0
1.304475914229939e-55 119.08653469327788 -22.19332902 -3.53173981 -119.14320864151811 0.0
2.880453859072013e-54 115.33996554334473 -22.25872966 -3.93393034 -119.08653469327788 0.0
1.8740636039366415e-53 113.59490077460367 -23.55933162 -3.57376768 -115.33996554334473 0.0
1.1348134888441379e-52 111.77294171884101 -24.85742753 -2.94105492 -113.59490077460367 0.0
4.167782777205443e-52 110.57622766504963 -22.39607873 -3.9633964 -111.77294171884101 0.0
7.322852352347436e-52 110.30556125567223 -24.26938178 -3.22479356 -110.57622766504963 0.0
9.66670577153488e-52 110.00516707763029 -24.74864623 -2.67067183 -110.30556125567223 0.0
3.605325514148243e-51 108.290209881838 -22.2124666 -3.8392948 -110.00516707763029 0.0
6.271155257428826e-51 108.21976639849225 -24.08666518 -3.31043362 -108.290209881838 0.0
8.819585254227489e-51 107.663438006197 -24.65640412 -3.03189622 -108.21976639849225 0.0
1.709343972099169e-50 106.93118498197802 -22.48887461 -3.95637024 -107.663438006197 0.0
2.9220901969184155e-49 103.72975853553984 -22.53970547 -3.9435394 -106.93118498197802 0.0
7.400484419870134e-49 103.22171058177291 -22.65276701 -3.92310902 -103.72975853553984 0.0
1.734757977158865e-48 102.19493820632172 -23.34497573 -3.65467652 -103.22171058177291 0.0
2.7846098119374874e-48 102.01103234241482 -22.22080695 -3.61757951 -102.19493820632172 0.0
3.5008102731603524e-48 101.72868488557029 -23.49138693 -3.25039213 -102.01103234241482 0.0
1.3680141298999777e-47 99.94989153159521 -23.03860449 -3.38237744 -101.72868488557029 0.0
2.3517780380434543e-47 99.92084650129684 -24.67523412 -3.01022074 -99.94989153159521 0.0
2.571180827566578e-47 99.7580140544302 -22.38528624 -3.50365937 -99.92084650129684 0.0
3.438670772312803e-47 99.35351423985094 -23.0633358 -3.77361239 -99.7580140544302 0.0
4.0938501025640044e-47 99.34868829704564 -22.45503154 -3.92962571 -99.35351423985094 0.0
7.323867422689956e-47 98.39123025167669 -24.1234096 -2.97635854 -99.34868829704564 0.0
4.025436240434152e-46 96.4917757568722 -24.16927577 -3.25132247 -98.39123025167669 0.0
2.1553110943822364e-45 94.8398443151331 -24.13447172 -3.26565273 -96.4917757568722 0.0
4.4594435071188977e-45 94.4408675847877 -22.37244215 -3.88509145 -94.8398443151331 0.0
1.0643743071436061e-44 93.33289259774463 -23.47501153 -3.57975172 -94.4408675847877 0.0
4.021644515041986e-44 91.92767665079501 -22.95418898 -3.40326093 -93.33289259774463 0.0
6.523227024857538e-44 91.88832533369006 -22.36877448 -3.86948419 -91.92767665079501 0.0
3.274942828800763e-43 89.69716190479608 -22.72814731 -3.87286756 -91.88832533369006 0.0
1.393645262322609e-42 88.36783554078357 -23.73109527 -3.45052764 -89.69716190479608 0.0
3.932671458766635e-42 87.41064581383648 -23.28064673 -3.65879486 -88.36783554078357 0.0
6.98763998720094e-42 87.01613805380623 -23.24363813 -3.67454497 -87.41064581383648 0.0
1.1899517489511661e-41 86.3852676700871 -22.44119143 -3.51914867 -87.01613805380623 0.0
4.4740622451196426e-41 84.81286566194267 -22.8158672 -3.83727711 -86.3852676700871 0.0
9.858352015037068e-41 84.28969487900592 -22.72848535 -3.44601427 -84.81286566194267 0.0
3.952360910188683e-40 82.59426696003125 -22.67383127 -3.86789231 -84.28969487900592 0.0
9.573515832624689e-40 81.95482468358637 -23.59736382 -3.50388996 -82.59426696003125 0.0
1.2789529162296237e-39 81.89546828748973 -24.43339735 -3.09964093 -81.95482468358637 0.0
2.144211738716573e-39 81.06734409747759 -23.23111197 -3.66990146 -81.89546828748973 0.0
3.536118467944487e-39 80.73566810278936 -23.88845928 -3.09332499 -81.06734409747759 0.0
2.468481797756388e-38 78.32774047100251 -22.66305468 -3.85872323 -80.73566810278936 0.0
6.367991750172833e-38 77.71796516405169 -22.35967785 -3.74981746 -78.32774047100251 0.0
1.5937432356436356e-37 76.65272291220096 -23.32474071 -3.62104227 -77.71796516405169 0.0
2.6789142459496116e-37 76.40367198772557 -24.50553833 -3.0559356 -76.65272291220096 0.0
4.647599759622353e-37 75.65312180064868 -22.42878236 -3.56652116 -76.40367198772557 0.0
6.984195951062898e-37 75.44258910542521 -22.74089693 -3.8367304 -75.65312180064868 0.0
7.664069004817497e-37 75.43638382765111 -22.63018955 -3.48035647 -75.44258910542521 0.0
4.166436398055811e-36 73.13907169402682 -24.41925466 -3.09294933 -75.43638382765111 0.0
1.0630575391947868e-35 72.53145206046716 -22.76502245 -3.82427983 -73.13907169402682 0.0
4.154011569442268e-35 70.90295138649691 -24.75616366 -2.92531889 -72.53145206046716 0.0
1.3011258452460766e-34 69.87895561570664 -22.60202466 -3.49972307 -70.90295138649691 0.0
2.7403783940472163e-34 69.24172969438547 -24.31568404 -3.13740752 -69.87895561570664 0.0
9.73558424933023e-34 67.74089336259493 -22.46339662 -3.79071285 -69.24172969438547 0.0
3.578261261460005e-33 66.47681982997275 -22.41586532 -3.70489202 -67.74089336259493 0.0
5.819454561804566e-33 66.37549598236922 -22.44102164 -3.60917593 -66.47681982997275 0.0
6.1412806921153276e-33 66.34690447111632 -23.27678697 -3.62490572 -66.37549598236922 0.0
6.213556112140567e-33 66.33204600654298 -22.52353113 -3.8140265 -66.34690447111632 0.0
6.241325852114998e-33 66.31807886388317 -24.66552477 -2.96231888 -66.33204600654298 0.0
9.213837060407042e-33 65.64443554613146 -22.68422591 -3.82192632 -66.31807886388317 0.0
5.436566361609833e-32 63.56526300077934 -22.66922981 -3.81754303 -65.64443554613146 0.0
1.1063219780647543e-31 63.293483521883886 -22.58572825 -3.81553799 -63.56526300077934 0.0
1.1958322363152647e-30 60.39006954112854 -24.42476953 -2.85143592 -63.293483521883886 0.0
2.699223944850355e-30 60.050190804361584 -24.18816793 -3.1851942 -60.39006954112854 0.0
3.929864156164505e-30 59.633287359646665 -22.69768237 -3.80369863 -60.050190804361584 0.0
5.839062769026281e-30 59.234679967972085 -24.08897988 -3.23210279 -59.633287359646665 0.0
7.016131116662571e-30 59.20683548941396 -23.47847416 -3.52247725 -59.234679967972085 0.0
7.144148587892224e-30 59.17862109182978 -22.76734962 -3.79178915 -59.20683548941396 0.0
1.6270259835795984e-29 57.915510139432705 -24.00561476 -3.27041471 -59.17862109182978 0.0
4.5862791639224604e-29 56.94017577200154 -22.75922627 -3.4804356 -57.915510139432705 0.0
1.354798892043466e-28 55.80601336908091 -22.51648288 -3.75171222 -56.94017577200154 0.0
3.9908222878259567e-28 54.73024983336802 -22.50773168 -3.7336408 -55.80601336908091 0.0
8.183228572340552e-28 54.15514829359434 -24.9434657 -2.80803707 -54.73024983336802 0.0
1.5780280225906358e-27 53.440487069359605 -24.94877568 -2.80432249 -54.15514829359434 0.0
4.751513993330448e-27 52.17936786314898 -22.50293396 -3.6797011 -53.440487069359605 0.0
9.77230458550428e-27 51.66906451629899 -23.93954117 -3.29236449 -52.17936786314898 0.0
1.9693050182936427e-26 50.854946070074746 -23.69650083 -3.4071388 -51.66906451629899 0.0
2.749467052899529e-26 50.82069058567403 -22.54741681 -3.74106007 -50.854946070074746 0.0
3.257222924769632e-26 50.518551967530804 -23.73553269 -3.38811103 -50.82069058567403 0.0
8.889735533828216e-26 49.185063842858675 -23.80671501 -3.35205928 -50.518551967530804 0.0
3.4289939400515195e-25 47.81831112670725 -24.7595562 -2.88736359 -49.185063842858675 0.0
5.939665741807276e-25 47.63973004874745 -22.75559463 -3.76309378 -47.81831112670725 0.0
9.218614201472171e-25 47.00911759785186 -24.07650958 -3.0264592 -47.63973004874745 0.0
1.760317560660275e-24 46.33864612503351 -24.13311945 -3.19011231 -47.00911759785186 0.0
2.913788301781912e-24 45.91541013070521 -23.75626942 -3.37069174 -46.33864612503351 0.0
4.817008753761851e-24 45.3482561090551 -22.56105548 -3.70686764 -45.91541013070521 0.0
2.8116746395363887e-23 43.23940022607618 -22.74554641 -3.75099811 -45.3482561090551 0.0
5.86061783758841e-23 42.93135915777377 -24.4505123 -2.85047081 -43.23940022607618 0.0
8.467670365619332e-23 42.50497940896507 -24.05788752 -3.220283 -42.93135915777377 0.0
1.0172771323863848e-22 42.49943792238926 -23.08926641 -3.65828939 -42.50497940896507 0.0
1.4026742403836529e-22 41.92418258347619 -23.46010357 -3.50153357 -42.49943792238926 0.0
3.1397486863072403e-22 40.9949296746066 -23.82999813 -3.32736575 -41.92418258347619 0.0
5.161735599167641e-22 40.72028926686339 -23.50645242 -3.47838851 -40.9949296746066 0.0
8.224188862757179e-22 40.114881215056876 -24.33050397 -3.08389556 -40.72028926686339 0.0
1.1375641920257599e-21 39.96681164813668 -24.68226908 -2.740066 -40.114881215056876 0.0
2.0432039959115187e-21 39.10034326207427 -22.69765511 -3.54190012 -39.96681164813668 0.0
3.1309909915999614e-21 38.91933173809336 -23.59147391 -3.25059083 -39.10034326207427 0.0
3.813570150044407e-21 38.69085241309356 -22.59412387 -3.64888835 -38.91933173809336 0.0
5.046280747736623e-21 38.35440416576186 -24.89595894 -2.63707953 -38.69085241309356 0.0
7.271292150707065e-21 37.95236036243048 -24.91363323 -2.62877666 -38.35440416576186 0.0
9.246251989069409e-21 37.81828511002533 -22.62287197 -3.60081077 -37.95236036243048 0.0
1.1746415913800493e-20 37.47810195620039 -23.40342023 -3.51891394 -37.81828511002533 0.0
1.5593616359033093e-20 37.219621560424315 -24.61846198 -2.93866415 -37.47810195620039 0.0
1.7427011471647587e-20 37.21922507111849 -24.98734733 -2.75904629 -37.219621560424315 0.0
5.020180606174002e-20 35.646899563444464 -22.66178489 -3.57764254 -37.21922507111849 0.0
1.0146971494912233e-19 35.264924362991806 -22.64759223 -3.59254277 -35.646899563444464 0.0
1.2472291612515503e-19 35.17988133872011 -23.26088731 -3.57590871 -35.264924362991806 0.0
1.74172927299414e-19 34.6457897338072 -24.44800181 -2.85823599 -35.17988133872011 0.0
2.347004155095064e-19 34.49840242183758 -23.38331926 -3.52224821 -34.6457897338072 0.0
4.553236392442713e-19 33.52372130222337 -23.47764587 -3.30197309 -34.49840242183758 0.0
6.868589887565417e-19 33.429809449980795 -24.58905133 -2.94651297 -33.52372130222337 0.0
9.014441119534246e-19 33.003064925213806 -24.6095473 -2.93577741 -33.429809449980795 0.0
1.189092610421505e-18 32.81926102376745 -22.64291845 -3.62317552 -33.003064925213806 0.0
1.5102845032105982e-18 32.51897396104231 -23.69655047 -3.37579492 -32.81926102376745 0.0
2.3870377355378833e-18 31.9431609674435 -22.67447106 -3.69214144 -32.51897396104231 0.0
3.50133750275736e-18 31.66975025389231 -24.5510119 -2.81085698 -31.9431609674435 0.0
8.721964350523788e-18 30.437180654196915 -24.19946588 -3.13097558 -31.66975025389231 0.0
1.543938215670764e-17 30.167828863763027 -23.34217643 -3.53176355 -30.437180654196915 0.0
2.1984981743902246e-17 29.738130275027352 -22.66650344 -3.62165093 -30.167828863763027 0.0
2.825008931275641e-17 29.605067846457885 -22.66415145 -3.6334982 -29.738130275027352 0.0
3.3159467975435907e-17 29.40348490516062 -23.521808 -3.45079989 -29.605067846457885 0.0
3.6582967264225015e-17 29.378670412524087 -24.54744914 -2.95964674 -29.40348490516062 0.0
6.022260425167626e-17 28.55249762371778 -23.92175363 -3.26166375 -29.378670412524087 0.0
1.0748816914160877e-16 28.08764814480355 -23.7235542 -3.20407064 -28.55249762371778 0.0
1.9948197538671673e-16 27.3688486261456 -24.76620167 -2.84935496 -28.08764814480355 0.0
3.007266286489322e-16 27.134061992420897 -23.74202722 -3.19689769 -27.3688486261456 0.0
4.56676411686681e-16 26.57640877499012 -23.46642928 -3.47024074 -27.134061992420897 0.0
6.568215412315643e-16 26.32614654516417 -24.85812578 -2.66619014 -26.57640877499012 0.0
8.934441871960413e-16 25.95905039394777 -24.15445468 -3.14462305 -26.32614654516417 0.0
1.144441024548808e-15 25.78512130873616 -22.71532517 -3.59320929 -25.95905039394777 0.0
1.6895540476024642e-15 25.228875151792533 -24.91586717 -2.63914224 -25.78512130873616 0.0
2.5239952666599476e-15 24.911210735849217 -22.78706504 -3.68312191 -25.228875151792533 0.0
4.059628790253785e-15 24.319606992180752 -23.20815618 -3.5747374 -24.911210735849217 0.0
5.276882773047279e-15 24.28094400916563 -23.08937338 -3.61857675 -24.319606992180752 0.0
6.9182223844971124e-15 23.81213546377171 -24.41958942 -2.88230973 -24.28094400916563 0.0
1.0403200771672506e-14 23.427453695162715 -24.11789739 -3.15750627 -23.81213546377171 0.0
1.249467207273341e-14 23.389449142976954 -22.87178217 -3.67302992 -23.427453695162715 0.0
1.4711920200760228e-14 23.101183253874503 -22.82646515 -3.53542444 -23.389449142976954 0.0
2.0534900734617413e-14 22.718332123510894 -23.27871283 -3.38898056 -23.101183253874503 0.0
2.8270922577804865e-14 22.426640682077885 -23.64054554 -3.24659941 -22.718332123510894 0.0
4.795618057244054e-14 21.736958432271482 -24.41546868 -3.00963343 -22.426640682077885 0.0
8.864704487981323e-14 21.147107774901567 -23.92217244 -3.24723431 -21.736958432271482 0.0
2.394101165621488e-13 19.971536387638203 -23.02448126 -3.47528585 -21.147107774901567 0.0
4.4743566833824423e-13 19.586144110170128 -24.30838306 -3.05743075 -19.971536387638203 0.0
6.310002982016059e-13 19.25454826423334 -23.72502837 -3.33675037 -19.586144110170128 0.0
7.530028658336009e-13 19.18651116357288 -23.73177104 -3.21075008 -19.25454826423334 0.0
8.695207374068886e-13 18.958691725193532 -22.78904751 -3.64868978 -19.18651116357288 0.0
1.0097649755318424e-12 18.857176849431568 -24.00140769 -3.20452072 -18.958691725193532 0.0
1.3032928561840942e-12 18.464220779785112 -24.16536677 -3.12453812 -18.857176849431568 0.0
1.7119873706211407e-12 18.263456379079926 -24.96109148 -2.73667733 -18.464220779785112 0.0
1.9208090956845984e-12 18.20493332326552 -24.86937957 -2.78121767 -18.263456379079926 0.0
2.043992506026451e-12 18.120177925168377 -23.65028176 -3.36911063 -18.20493332326552 0.0
2.203735803285365e-12 18.034570897789006 -23.11419838 -3.59414757 -18.120177925168377 0.0
2.942558033203147e-12 17.572992556911984 -23.49418626 -3.43888877 -18.034570897789006 0.0
4.266589974606066e-12 17.245496079853872 -24.71009602 -2.85681503 -17.572992556911984 0.0
5.5141990641058184e-12 17.025454596645158 -24.89969871 -2.76394641 -17.245496079853872 0.0
1.1176448924460444e-11 16.035950716097098 -24.17332928 -3.11545915 -17.025454596645158 0.0
1.6225162373932454e-11 16.02467647858634 -23.19774059 -3.42762601 -16.035950716097098 0.0
1.711337939889555e-11 15.912564301461558 -23.73879854 -3.21214682 -16.02467647858634 0.0
1.7984465120292835e-11 15.902365663403504 -23.50281773 -3.43119197 -15.912564301461558 0.0
1.894353529904762e-11 15.79178435346243 -22.92240052 -3.52054976 -15.902365663403504 0.0
2.323544836715761e-11 15.4931849225908 -23.26533413 -3.5311659 -15.79178435346243 0.0
2.945407311612055e-11 15.286073941438026 -23.78357057 -3.19300169 -15.4931849225908 0.0
3.9282427140710444e-11 14.92000560443176 -24.93464907 -2.74228632 -15.286073941438026 0.0
8.439508974623432e-11 13.936193320220314 -23.22657878 -3.54217206 -14.92000560443176 0.0
1.3825390313556585e-10 13.694685773708251 -24.01075622 -3.18859961 -13.936193320220314 0.0
1.64367055365322e-10 13.560241506334952 -23.22056097 -3.42457783 -13.694685773708251 0.0
1.943022525174863e-10 13.346991364883799 -22.97746461 -3.61823047 -13.560241506334952 0.0
2.678665617173608e-10 12.930003745933796 -22.88921584 -3.62558426 -13.346991364883799 0.0
3.4095579179139056e-10 12.8052904536614 -23.92002519 -3.22993873 -12.930003745933796 0.0
4.463585033578752e-10 12.406897565666526 -24.05856345 -3.162501 -12.8052904536614 0.0
5.697174646954043e-10 12.263099059383292 -24.40143838 -2.99590691 -12.406897565666526 0.0
6.434986043476725e-10 12.141940842701391 -23.20438082 -3.43320188 -12.263099059383292 0.0
8.740862677983225e-10 11.679912002859988 -23.5631858 -3.39368587 -12.141940842701391 0.0
1.208074887603101e-09 11.436685443596955 -24.0473989 -3.07717203 -11.679912002859988 0.0
1.4370123682912339e-09 11.302668403227388 -23.79646853 -3.28480773 -11.436685443596955 0.0
1.5211030460019284e-09 11.298563118161093 -23.92340784 -3.1354358 -11.302668403227388 0.0
1.6569709218987297e-09 11.1196449449763 -24.14956746 -3.11534161 -11.298563118161093 0.0
2.1697625215529508e-09 10.763041567204628 -22.89479121 -3.55884983 -11.1196449449763 0.0
2.743456946015598e-09 10.605144141910499 -22.88839996 -3.6067594 -10.763041567204628 0.0
3.425103558726389e-09 10.314179489811902 -22.90974932 -3.60855224 -10.605144141910499 0.0
4.021843694129056e-09 10.244160585089453 -24.66380874 -2.78211564 -10.314179489811902 0.0
4.409566620650476e-09 10.113262002080367 -24.52287585 -2.8510599 -10.244160585089453 0.0
5.132703977320599e-09 9.925104734821744 -23.12802416 -3.46511563 -10.113262002080367 0.0
6.515352027953219e-09 9.629266981606747 -24.43971261 -2.97051636 -9.925104734821744 0.0
7.8202170117781e-09 9.521218481641267 -23.12569823 -3.56427597 -9.629266981606747 0.0
9.122787395800713e-09 9.309507467167686 -24.29261743 -3.04118317 -9.521218481641267 0.0
1.0850210048041237e-08 9.149693542832745 -24.19108637 -3.01313452 -9.309507467167686 0.0
1.1735816158059729e-08 9.126441750957058 -23.33462823 -3.48547484 -9.149693542832745 0.0
1.259581646640027e-08 8.992688184128554 -23.35290965 -3.38580807 -9.126441750957058 0.0
1.5751205222960276e-08 8.679404576051747 -23.38869935 -3.46165914 -8.992688184128554 0.0
1.8329211755531524e-08 8.645479916985558 -23.0187678 -3.50911621 -8.679404576051747 0.0
1.9146686847495353e-08 8.573252847275441 -22.9834826 -3.59485252 -8.645479916985558 0.0
1.9860725451622367e-08 8.551168288432045 -23.11387998 -3.56433798 -8.573252847275441 0.0
2.216634608799409e-08 8.34425270950482 -24.60387437 -2.81505799 -8.551168288432045 0.0
2.588275683102223e-08 8.214768204955934 -23.90231465 -3.15119594 -8.34425270950482 0.0
2.729016936243081e-08 8.214264370643097 -23.36115025 -3.38447192 -8.214768204955934 0.0
2.7556497899927678e-08 8.175813424830453 -24.66473543 -2.8568082 -8.214264370643097 0.0
2.8438676006570627e-08 8.131462457262602 -23.91906938 -3.14361485 -8.175813424830453 0.0
3.040902072941218e-08 8.024311512532782 -22.9242074 -3.56593095 -8.131462457262602 0.0
3.786612967278668e-08 7.696760690759574 -23.74319251 -3.29976126 -8.024311512532782 0.0
4.8992830869954995e-08 7.474768549900296 -24.95101636 -2.71517113 -7.696760690759574 0.0
5.516157905256361e-08 7.427928170043479 -23.12074478 -3.55771041 -7.474768549900296 0.0
5.661144734983465e-08 7.402590852708192 -23.90912237 -3.22052897 -7.427928170043479 0.0
7.512055027926746e-08 6.903691459582237 -23.28337425 -3.49854529 -7.402590852708192 0.0
9.88837525001815e-08 6.775503519968636 -24.77484017 -2.79888758 -6.903691459582237 0.0
1.0447477600007485e-07 6.7696925697734684 -23.33040034 -3.40006771 -6.775503519968636 0.0
1.0609871533582415e-07 6.725239840666394 -24.51298216 -2.8629792 -6.7696925697734684 0.0
1.1618942575096373e-07 6.573355789110709 -24.52234357 -2.85878817 -6.725239840666394 0.0
1.3192303778535808e-07 6.449421277163123 -24.91235319 -2.66881804 -6.573355789110709 0.0
1.4575860338531353e-07 6.35249891617436 -22.99400084 -3.53300211 -6.449421277163123 0.0
1.679416773379641e-07 6.153706602002984 -23.02093667 -3.52081403 -6.35249891617436 0.0
2.0252124587026013e-07 5.957853161216756 -23.53490536 -3.31985557 -6.153706602002984 0.0
2.2505995670946652e-07 5.913675380821241 -22.96887795 -3.56665245 -5.957853161216756 0.0
2.356191888727004e-07 5.8468797192796425 -24.96482947 -2.70320202 -5.913675380821241 0.0
2.439940124715762e-07 5.82294909528212 -23.19390637 -3.45419529 -5.8468797192796425 0.0
2.4945331276370385e-07 5.782979088967259 -23.76070994 -3.28537653 -5.82294909528212 0.0
2.675561133442865e-07 5.665955650623031 -24.15418448 -3.03878418 -5.782979088967259 0.0
2.8829565349443866e-07 5.611094666575572 -24.79766498 -2.78389257 -5.665955650623031 0.0
3.0731658987310466e-07 5.519610413469493 -24.99789938 -2.62958389 -5.611094666575572 0.0
3.3151716928669963e-07 5.439119362432047 -24.85577908 -2.69902926 -5.519610413469493 0.0
3.539301060689656e-07 5.368497388944141 -24.08218406 -3.13082677 -5.439119362432047 0.0
3.7670005749549667e-07 5.294636030770406 -24.5759105 -2.89084995 -5.368497388944141 0.0
3.870750510254788e-07 5.2928952452791 -23.28519432 -3.49168488 -5.294636030770406 0.0
3.866013329729967e-07 5.277245022860007 -23.58884856 -3.36274448 -5.2928952452791 0.0
3.874874408247486e-07 5.2683741791614835 -24.33799249 -2.95161533 -5.277245022860007 0.0
3.973571144205467e-07 5.2079338643861295 -23.208602 -3.45095726 -5.2683741791614835 0.0
4.16714402594285e-07 5.153178458718701 -24.56692696 -2.89471282 -5.2079338643861295 0.0
4.357627925508814e-07 5.098633571239394 -24.72566466 -2.81716228 -5.153178458718701 0.0
4.493742215393621e-07 5.071206252292091 -23.45559208 -3.35532206 -5.098633571239394 0.0
5.795853206038774e-07 4.620083375627988 -23.00506061 -3.55168689 -5.071206252292091 0.0
7.182348953398723e-07 4.572452836050724 -23.09727957 -3.54972544 -4.620083375627988 0.0
7.635501913312909e-07 4.479414468549247 -23.56233476 -3.37163974 -4.572452836050724 0.0
8.062525847185483e-07 4.4419042279093786 -24.7327238 -2.7620286 -4.479414468549247 0.0
8.144007568759504e-07 4.4390531027429 -24.89569083 -2.73175547 -4.4419042279093786 0.0
8.2470245758293e-07 4.397297213592494 -24.39442106 -2.92696453 -4.4390531027429 0.0
8.691364388352144e-07 4.315436499019537 -23.07381138 -3.5528244 -4.397297213592494 0.0
9.092215729914608e-07 4.285764426231436 -23.65016037 -3.33104388 -4.315436499019537 0.0
9.559099798930367e-07 4.197129289336216 -23.02058135 -3.54320337 -4.285764426231436 0.0
1.0443450622111438e-06 4.089815088461769 -23.30359202 -3.41902965 -4.197129289336216 0.0
1.1625103561287591e-06 3.9639266589358115 -23.32627377 -3.46995712 -4.089815088461769 0.0
1.260515344393271e-06 3.9049468467820323 -24.83593946 -2.71342311 -3.9639266589358115 0.0
1.325346883713258e-06 3.843784368400763 -24.46570776 -2.89427196 -3.9049468467820323 0.0
1.3910611679187078e-06 3.7881008581583906 -23.94015388 -3.14553628 -3.843784368400763 0.0
1.441183429706178e-06 3.7526277793824727 -23.96922567 -3.13210388 -3.7881008581583906 0.0
1.464275806368482e-06 3.7361610399954106 -24.12867297 -3.05693058 -3.7526277793824727 0.0
1.519574009590632e-06 3.659971686389137 -23.5577629 -3.3702811 -3.7361610399954106 0.0
1.611741347829879e-06 3.597999240594 -23.22291075 -3.45219502 -3.659971686389137 0.0
1.6555426062304741e-06 3.5855226745351585 -24.76241654 -2.79315648 -3.597999240594 0.0
1.6580134542322867e-06 3.5751040844538897 -23.04378867 -3.54379577 -3.5855226745351585 0.0
1.658448579320239e-06 3.5650951146034076 -24.28992477 -2.98032912 -3.5751040844538897 0.0
1.6878551888345697e-06 3.5205229478014104 -24.56904458 -2.8451135 -3.5650951146034076 0.0
1.8356291031081075e-06 3.3816575471378014 -23.69406875 -3.30698051 -3.5205229478014104 0.0
2.018026337613754e-06 3.307706695539531 -23.21321693 -3.50830996 -3.3816575471378014 0.0
2.116167832163371e-06 3.2658541841037914 -24.1777929 -3.07604231 -3.307706695539531 0.0
2.1733449053865174e-06 3.2342959572949073 -24.22269911 -3.05412592 -3.2658541841037914 0.0
2.2541464344915546e-06 3.1736169599341983 -24.48455204 -2.92655718 -3.2342959572949073 0.0
2.322920249797006e-06 3.1534689504502635 -24.11254703 -3.06683038 -3.1736169599341983 0.0
2.4724838982681345e-06 3.032476102183733 -24.19039574 -3.03022653 -3.1534689504502635 0.0
2.7453881840085977e-06 2.923480810555881 -24.39405438 -2.96930488 -3.032476102183733 0.0
3.0462924116760234e-06 2.8051026807156663 -23.95151308 -3.14409645 -2.923480810555881 0.0
3.2318960753700397e-06 2.7819256640295857 -23.40435238 -3.38447535 -2.8051026807156663 0.0
3.3766291085404533e-06 2.6991618589256157 -23.24232434 -3.44916093 -2.7819256640295857 0.0
3.6051106819249703e-06 2.630540876092966 -24.42698244 -2.95171951 -2.6991618589256157 0.0
3.7483041333368415e-06 2.600409122390797 -23.17230356 -3.51632281 -2.630540876092966 0.0
3.826020938909267e-06 2.5696067549862778 -24.35549715 -2.95293011 -2.600409122390797 0.0
3.9451140296948725e-06 2.5195915585012685 -24.63542029 -2.81698639 -2.5696067549862778 0.0
4.128627565656686e-06 2.4590622200082644 -23.37126748 -3.39931108 -2.5195915585012685 0.0
4.31943783189435e-06 2.409040135229213 -24.39718846 -2.93357252 -2.4590622200082644 0.0
4.5568141696540214e-06 2.3329848830724313 -24.07425013 -3.08872365 -2.409040135229213 0.0
4.786078589638115e-06 2.2899806710517505 -24.25706422 -3.03235325 -2.3329848830724313 0.0
4.856186044625692e-06 2.2835483495837146 -24.74827415 -2.79333546 -2.2899806710517505 0.0
5.062327266682815e-06 2.1891506765126727 -23.56780589 -3.31915703 -2.2835483495837146 0.0
5.2617904913527745e-06 2.184136959212125 -23.35448107 -3.40745109 -2.1891506765126727 0.0
5.284557532166093e-06 2.160745461990044 -24.00090933 -3.15547287 -2.184136959212125 0.0
5.321775833167574e-06 2.1500915732752586 -23.28130414 -3.43684799 -2.160745461990044 0.0
5.554019880492749e-06 2.0575278361946774 -24.45428412 -2.90786117 -2.1500915732752586 0.0
5.812968326528623e-06 2.0370161022335096 -23.81477535 -3.24353529 -2.0575278361946774 0.0
5.850600354101981e-06 2.024654315449877 -23.44369939 -3.41181963 -2.0370161022335096 0.0
5.912000654010718e-06 1.9963968248122157 -24.15858854 -3.07824168 -2.024654315449877 0.0
6.007184710742615e-06 1.9727500079212303 -24.19167125 -3.03494461 -1.9963968248122157 0.0
6.084599932704374e-06 1.950866546143636 -24.6575205 -2.80932448 -1.9727500079212303 0.0
6.107913336969474e-06 1.9450895285892726 -24.38536097 -2.96766586 -1.950866546143636 0.0
6.084736965532682e-06 1.9385715619270887 -24.87079335 -2.73134441 -1.9450895285892726 0.0
6.072623460875213e-06 1.9291858407361067 -23.14908815 -3.49512416 -1.9385715619270887 0.0
6.180600295949898e-06 1.8839118879287602 -24.66653122 -2.83049114 -1.9291858407361067 0.0
6.285755494278934e-06 1.875051140773023 -24.58570078 -2.84491374 -1.8839118879287602 0.0
6.576752605293633e-06 1.7759364104435225 -24.32518116 -2.97216159 -1.875051140773023 0.0
6.8650340819996604e-06 1.7669160820894052 -24.00389472 -3.12508228 -1.7759364104435225 0.0
6.8393992019438e-06 1.7635005477067938 -24.5124347 -2.90452559 -1.7669160820894052 0.0
6.944880120822535e-06 1.716944671327042 -24.69555632 -2.79229529 -1.7635005477067938 0.0
7.074501772208598e-06 1.7061028480146576 -24.9483268 -2.69173654 -1.716944671327042 0.0
7.180003223966496e-06 1.6677762099629876 -23.84146437 -3.20079911 -1.7061028480146576 0.0
7.31405155190415e-06 1.6489287097203411 -24.80579589 -2.76084491 -1.6677762099629876 0.0
7.350094188620588e-06 1.637985162996295 -23.16906364 -3.48910484 -1.6489287097203411 0.0
7.325152172837208e-06 1.6357977016758785 -24.6401474 -2.81999526 -1.637985162996295 0.0
7.266387837662959e-06 1.6341931880776892 -24.38613418 -2.94378717 -1.6357977016758785 0.0
7.231979421030073e-06 1.625408751641523 -24.18779643 -3.0391616 -1.6341931880776892 0.0
7.197197540740031e-06 1.62391590748441 -23.30660249 -3.46419139 -1.625408751641523 0.0
7.150760912166493e-06 1.618460867094115 -23.27967631 -3.47395021 -1.62391590748441 0.0
7.1284199986568505e-06 1.6102828494125017 -23.63577722 -3.3241723 -1.618460867094115 0.0
7.1372532629105404e-06 1.5961168648768653 -23.19586458 -3.50024107 -1.6102828494125017 0.0
7.124328683257882e-06 1.5939581912002236 -24.54630882 -2.8866477 -1.5961168648768653 0.0
7.186646786811528e-06 1.5591004103796564 -24.45104996 -2.91295862 -1.5939581912002236 0.0
7.259423182069387e-06 1.553609948894217 -24.24956325 -3.03062548 -1.5591004103796564 0.0
7.2295192069328674e-06 1.5474573558719802 -24.82078709 -2.7526648 -1.553609948894217 0.0
7.333582783119516e-06 1.50555544254998 -24.46512973 -2.90658807 -1.5474573558719802 0.0
7.445358407366936e-06 1.496883333665419 -24.11491411 -3.09554649 -1.50555544254998 0.0
7.411038316320596e-06 1.4948774903985422 -24.76068594 -2.76219405 -1.496883333665419 0.0
7.399296748458203e-06 1.4802066568632886 -23.60658832 -3.33656805 -1.4948774903985422 0.0
7.414009163729866e-06 1.4709715843423663 -24.38350955 -2.96461249 -1.4802066568632886 0.0
7.389062814348497e-06 1.4670294225464016 -24.30433064 -3.0031478 -1.4709715843423663 0.0
7.358389962429664e-06 1.4594010955402579 -24.73936901 -2.77292521 -1.4670294225464016 0.0
7.323505025934157e-06 1.4566203694505873 -24.10552204 -3.079582 -1.4594010955402579 0.0
7.378686167609952e-06 1.424739478479471 -23.66493729 -3.3094484 -1.4566203694505873 0.0
7.481139866488211e-06 1.4089488118435283 -24.95360061 -2.68647732 -1.424739478479471 0.0
7.48613229372738e-06 1.403449815795646 -23.21133272 -3.47192528 -1.4089488118435283 0.0
7.5382349498641215e-06 1.375366193176128 -23.21783314 -3.46932119 -1.403449815795646 0.0
7.627283147982855e-06 1.3599243127671152 -24.30092704 -2.98732932 -1.375366193176128 0.0
7.698649371118424e-06 1.3369119084933407 -24.20144908 -3.03516787 -1.3599243127671152 0.0
7.746227262303479e-06 1.3275909555619356 -24.82256611 -2.74962145 -1.3369119084933407 0.0
7.730434284946511e-06 1.3210818732433582 -24.0709975 -3.11516525 -1.3275909555619356 0.0
7.698075136272743e-06 1.3160754228999405 -24.62721843 -2.82920654 -1.3210818732433582 0.0
7.652753260336364e-06 1.3129869878259377 -23.51139124 -3.37786439 -1.3160754228999405 0.0
7.647684001298159e-06 1.2975571545889988 -23.18687386 -3.49720176 -1.3129869878259377 0.0
7.672562656757327e-06 1.286561399652466 -24.26796594 -3.0189082 -1.2975571545889988 0.0
7.650052462446111e-06 1.2835049383349917 -23.54078985 -3.36466906 -1.286561399652466 0.0
7.586763187449144e-06 1.2832733413052577 -24.1440009 -3.07927697 -1.2835049383349917 0.0
7.519495976210697e-06 1.2814169880443824 -24.37417468 -2.95292696 -1.2832733413052577 0.0
7.4679291334437705e-06 1.2771391430792864 -24.03487386 -3.13223046 -1.2814169880443824 0.0
7.441457147249703e-06 1.2686319513336428 -23.639853 -3.31978449 -1.2771391430792864 0.0
7.403088051665222e-06 1.2675596065329904 -24.4240126 -2.9290075 -1.2686319513336428 0.0
7.349223128691433e-06 1.263340665170175 -24.31540864 -2.98144658 -1.2675596065329904 0.0
7.340171094740151e-06 1.2501628257063397 -24.66151925 -2.81316191 -1.263340665170175 0.0
7.402386275418629e-06 1.226654219150324 -24.40750187 -2.95005333 -1.2501628257063397 0.0
7.457220238100977e-06 1.2153950860735825 -24.82953136 -2.7448706 -1.226654219150324 0.0
7.438384868983605e-06 1.211783096727724 -24.07529349 -3.11187722 -1.2153950860735825 0.0
7.383982870673591e-06 1.2101729316453556 -24.63032477 -2.84168752 -1.211783096727724 0.0
7.318562638936153e-06 1.2096803065682642 -24.84562056 -2.72362993 -1.2101729316453556 0.0
7.258081789330862e-06 1.2068709230495192 -23.83337873 -3.22851948 -1.2096803065682642 0.0
7.199090479052785e-06 1.2060995842263609 -24.08377481 -3.09224746 -1.2068709230495192 0.0
7.159961709554427e-06 1.1978870989001698 -24.54550104 -2.87066987 -1.2060995842263609 0.0
7.166653614731437e-06 1.184359426206053 -24.38672354 -2.95955791 -1.1978870989001698 0.0
7.151546326395935e-06 1.1821623398864196 -24.51919018 -2.88377813 -1.184359426206053 0.0
7.095285864538806e-06 1.1802544716204377 -23.94872756 -3.17288108 -1.1821623398864196 0.0
7.039188866471439e-06 1.1781371990689933 -24.87971097 -2.71986594 -1.1802544716204377 0.0
7.037281834141815e-06 1.1609682875650293 -24.24187934 -3.02995513 -1.1781371990689933 0.0
7.060616087935615e-06 1.1515643144436716 -24.31964704 -2.99179478 -1.1609682875650293 0.0
7.026811211045904e-06 1.1506443421547858 -24.13211946 -3.0701734 -1.1515643144436716 0.0
6.970597334522975e-06 1.147729732352338 -23.94246468 -3.17554697 -1.1506443421547858 0.0
6.918545976217872e-06 1.1457331400764454 -23.69017844 -3.27236389 -1.147729732352338 0.0
6.868471245368365e-06 1.1423590665096146 -23.80263411 -3.24253365 -1.1457331400764454 0.0
6.816058495622644e-06 1.141150364978048 -24.77187229 -2.77189953 -1.1423590665096146 0.0
6.7710460158087214e-06 1.1357169981238975 -24.49651528 -2.90538532 -1.141150364978048 0.0
6.7520512530372985e-06 1.1268803134690035 -24.20516035 -3.03595295 -1.1357169981238975 0.0
6.743669353462856e-06 1.1182995357392853 -24.43948358 -2.9326589 -1.1268803134690035 0.0
6.742061883655566e-06 1.1074673694904515 -23.86279257 -3.21345484 -1.1182995357392853 0.0
6.739670956883326e-06 1.0990964409167636 -23.75991616 -3.2418719 -1.1074673694904515 0.0
6.720615321554311e-06 1.093220597552031 -23.19775888 -3.48613001 -1.0990964409167636 0.0
6.705830551959096e-06 1.083614888064187 -24.27577268 -3.00309894 -1.093220597552031 0.0
6.736949044628455e-06 1.064132203096041 -23.84678512 -3.20316944 -1.083614888064187 0.0
6.769186738201261e-06 1.054096922767624 -23.95067244 -3.15588625 -1.064132203096041 0.0
6.744808573944237e-06 1.0514238383128052 -24.46753714 -2.91166065 -1.054096922767624 0.0
6.695499509683712e-06 1.0488711499627288 -23.42008711 -3.38805646 -1.0514238383128052 0.0
6.645898215714015e-06 1.046394543002383 -24.41408197 -2.94330713 -1.0488711499627288 0.0
6.5945850529422495e-06 1.044471856916241 -23.48376208 -3.38770975 -1.046394543002383 0.0
6.550279429964093e-06 1.039980312519477 -24.73810748 -2.78641144 -1.044471856916241 0.0
6.543785131971123e-06 1.0265948349306102 -23.67103541 -3.28176582 -1.039980312519477 0.0
6.532031600057922e-06 1.0236325553243326 -23.88783286 -3.20045139 -1.0265948349306102 0.0
6.4854203913303206e-06 1.0210164344199373 -24.53884983 -2.87756006 -1.0236325553243326 0.0
6.453363674722115e-06 1.0136540258755369 -24.37815132 -2.95620622 -1.0210164344199373 0.0
6.413554455895374e-06 1.013477949801431 -24.73004613 -2.78355244 -1.0136540258755369 0.0
6.358504507776662e-06 1.0109957470098092 -23.81604491 -3.23476318 -1.013477949801431 0.0
6.325724157307358e-06 1.0039256245580193 -24.45853681 -2.91917925 -1.0109957470098092 0.0
6.308390461628244e-06 0.9965839690477271 -24.91139056 -2.69554422 -1.0039256245580193 0.0
6.271701816463034e-06 0.9956773468343671 -24.37378076 -2.95981475 -0.9965839690477271 0.0
6.234836934188607e-06 0.9884866571425073 -23.9167262 -3.1860291 -0.9956773468343671 0.0
6.202375373042666e-06 0.986205224146032 -24.05959453 -3.11626905 -0.9884866571425073 0.0
6.1553665361617e-06 0.9838022069009986 -23.99060856 -3.13847455 -0.986205224146032 0.0
6.107590203576899e-06 0.9818880657419776 -24.70775807 -2.79927829 -0.9838022069009986 0.0
6.05787410301058e-06 0.9802480274494633 -24.10337249 -3.09460175 -0.9818880657419776 0.0
6.0098162015723015e-06 0.9779176182482716 -24.21651572 -3.03848067 -0.9802480274494633 0.0
5.969066796123246e-06 0.9739570622393724 -24.85226256 -2.72504828 -0.9779176182482716 0.0
5.922363443439371e-06 0.9737230489207135 -24.28821602 -3.00136938 -0.9739570622393724 0.0
5.866401865349388e-06 0.9730447493975616 -23.31379934 -3.43256176 -0.9737230489207135 0.0
5.816988685690147e-06 0.9707411106483903 -24.94376411 -2.6834751 -0.9730447493975616 0.0
5.767201642088987e-06 0.9703342844754691 -24.22196172 -3.03544615 -0.9707411106483903 0.0
5.71486343102588e-06 0.969073961587241 -24.67630823 -2.81335388 -0.9703342844754691 0.0
5.676274171226086e-06 0.9639903636965486 -23.83533571 -3.22496687 -0.969073961587241 0.0
5.637951870534548e-06 0.9627156567548858 -24.72553292 -2.78813454 -0.9639903636965486 0.0
5.592073904315788e-06 0.9604318699143157 -24.74956961 -2.77634584 -0.9627156567548858 0.0
5.560994828400799e-06 0.9539705337165065 -24.2190052 -3.03388484 -0.9604318699143157 0.0
5.524205447389596e-06 0.95379596181587 -23.4643366 -3.37052009 -0.9539705337165065 0.0
5.472478091283669e-06 0.9528858307721271 -24.05421126 -3.10972242 -0.95379596181587 0.0
5.4392473708382366e-06 0.9460883377588424 -24.19128564 -3.04966907 -0.9528858307721271 0.0
5.403824876571008e-06 0.9460409922401236 -23.85972222 -3.19866246 -0.9460883377588424 0.0
5.357468886424866e-06 0.9434201376000337 -24.20774676 -3.04002441 -0.9460409922401236 0.0
5.317261348588882e-06 0.9412063468549225 -23.8249109 -3.22968266 -0.9434201376000337 0.0
5.315690604788182e-06 0.9241816068531308 -23.97515165 -3.14654055 -0.9412063468549225 0.0
5.308714088355942e-06 0.9238598522502132 -24.03205511 -3.12854017 -0.9241816068531308 0.0
5.258867898079001e-06 0.9231487715262534 -23.67567959 -3.28069942 -0.9238598522502132 0.0
5.21005573729318e-06 0.9226095792922191 -23.26793333 -3.45277741 -0.9231487715262534 0.0
5.164516249986022e-06 0.9208070792039076 -23.74147228 -3.26918452 -0.9226095792922191 0.0
5.127116931455378e-06 0.917247152407873 -24.0443583 -3.11504469 -0.9208070792039076 0.0
5.087878304137091e-06 0.9162686725756379 -24.15420972 -3.06620641 -0.917247152407873 0.0
5.0566397125281454e-06 0.9096745883686285 -23.97743613 -3.15515127 -0.9162686725756379 0.0
5.041024056260455e-06 0.9025556642497583 -23.88627893 -3.18726019 -0.9096745883686285 0.0
5.012013123119325e-06 0.9013048317434917 -23.23558952 -3.47903336 -0.9025556642497583 0.0
4.996409654822433e-06 0.8889290410160584 -23.66000643 -3.28786632 -0.9013048317434917 0.0
4.9785000800277625e-06 0.8885477736593866 -23.53900094 -3.33977043 -0.8889290410160584 0.0
4.938683690905736e-06 0.8850909714539328 -24.07614413 -3.10525824 -0.8885477736593866 0.0
4.911427053689779e-06 0.8797199255788111 -23.63775961 -3.31719644 -0.8850909714539328 0.0
4.879680781760856e-06 0.8781531868414852 -23.92450535 -3.17037364 -0.8797199255788111 0.0
4.847277261066107e-06 0.8731502002900171 -24.02089139 -3.13275087 -0.8781531868414852 0.0
4.818603154040262e-06 0.8701147188989584 -24.07555758 -3.10304159 -0.8731502002900171 0.0
4.787036804449988e-06 0.8663956632855834 -23.69381149 -3.27335929 -0.8701147188989584 0.0
4.751386636855485e-06 0.8651611799455519 -24.06458731 -3.11002446 -0.8663956632855834 0.0
4.7279289986937365e-06 0.8564122289655789 -24.01664693 -3.12934716 -0.8651611799455519 0.0
4.70183583519182e-06 0.8563098391084555 -23.9383727 -3.16452658 -0.8564122289655789 0.0
4.672542892890612e-06 0.8490240264124449 -24.03178551 -3.12300749 -0.8563098391084555 0.0
4.643779537574229e-06 0.848745626011049 -24.04816104 -3.11738294 -0.8490240264124449 0.0
4.605486956584991e-06 0.8456860473362375 -24.04610833 -3.11762513 -0.848745626011049 0.0
4.569284928207002e-06 0.8446262798109583 -24.04140435 -3.11935222 -0.8456860473362375 0.0
4.533745358002137e-06 0.8414043681765825 -23.73592807 -3.25515623 -0.8446262798109583 0.0
4.502816141970615e-06 0.8384160102417768 -23.48190206 -3.36422827 -0.8414043681765825 0.0
4.486002097103475e-06 0.8290058252953967 -24.01064337 -3.1332155 -0.8384160102417768 0.0
4.46748305501652e-06 0.8267679197298166 -23.24141029 -3.47576657 -0.8290058252953967 0.0
4.436026682561758e-06 0.8232392057358691 -24.00738657 -3.13748238 -0.8267679197298166 0.0
4.423636886968672e-06 0.8124868514395579 -23.50219932 -3.35597991 -0.8232392057358691 0.0
4.408190391069201e-06 0.8103066687398561 -23.77901386 -3.24990218 -0.8124868514395579 0.0
4.372601010789701e-06 0.8087980385437475 -23.61058529 -3.32891079 -0.8103066687398561 0.0
4.335804293065805e-06 0.8073077957869602 -23.52666158 -3.36669681 -0.8087980385437475 0.0
4.296472444346723e-06 0.8071224372547354 -23.37528323 -3.43047299 -0.8073077957869602 0.0
4.256893077406074e-06 0.8059169979553993 -23.32394741 -3.449957 -0.8071224372547354 0.0
4.2185771241293785e-06 0.8053048516127225 -23.88077797 -3.20049755 -0.8059169979553993 0.0
4.18316971534953e-06 0.8028749837099808 -23.58962759 -3.31906832 -0.8053048516127225 0.0
4.155562113683409e-06 0.7986502939079526 -23.85409212 -3.21341853 -0.8028749837099808 0.0
4.133035038904563e-06 0.793847011701317 -23.79040602 -3.24418514 -0.7986502939079526 0.0
4.104848927695478e-06 0.7924305121999028 -23.48577044 -3.38443235 -0.793847011701317 0.0
4.069242451729711e-06 0.7913703051272459 -23.6576143 -3.30700553 -0.7924305121999028 0.0
4.034655578160226e-06 0.7896021767089156 -23.39616348 -3.40029633 -0.7913703051272459 0.0
3.999469019333365e-06 0.7889876209999903 -23.91257092 -3.17762431 -0.7896021767089156 0.0
3.962751223796731e-06 0.7881477361762848 -23.96189875 -3.15617786 -0.7889876209999903 0.0
3.929300675664819e-06 0.786042036629138 -23.75540092 -3.24728996 -0.7881477361762848 0.0
3.8991413819108e-06 0.7836575764114968 -23.35538675 -3.43793747 -0.786042036629138 0.0
3.875025175362677e-06 0.7785548843914278 -23.91754369 -3.17573288 -0.7836575764114968 0.0
3.848334506237844e-06 0.7775740473185497 -23.2713419 -3.45356873 -0.7785548843914278 0.0
3.818725077381299e-06 0.7741046740821639 -23.29035616 -3.46115283 -0.7775740473185497 0.0
3.7969466998030987e-06 0.769115347482193 -23.72488656 -3.27511893 -0.7741046740821639 0.0
3.781343357435037e-06 0.7624447365582167 -23.94512985 -3.16651526 -0.769115347482193 0.0
3.762263559856939e-06 0.7593230880961782 -23.62095157 -3.30611463 -0.7624447365582167 0.0
3.737058076327299e-06 0.7559886095422274 -23.82087028 -3.22879207 -0.7593230880961782 0.0
3.7066436538181255e-06 0.7557634586686655 -23.25492981 -3.46215204 -0.7559886095422274 0.0
3.6713090161592e-06 0.7552450283734413 -23.94052937 -3.16829564 -0.7557634586686655 0.0
3.648752118540099e-06 0.748201243105518 -23.85815937 -3.20263156 -0.7552450283734413 0.0
3.62819821335495e-06 0.7466306970481785 -23.4262371 -3.40917793 -0.748201243105518 0.0
3.602247325651665e-06 0.7426604200616911 -23.28474078 -3.46241326 -0.7466306970481785 0.0
3.5779545395801937e-06 0.7402607908316393 -23.9233931 -3.17664533 -0.7426604200616911 0.0
3.5559960814457668e-06 0.7350771638323689 -23.31832846 -3.43346334 -0.7402607908316393 0.0
3.535402853234404e-06 0.7319717455981885 -23.73987977 -3.26743301 -0.7350771638323689 0.0
3.5064330939424433e-06 0.7316300122862786 -23.91751909 -3.1784692 -0.7319717455981885 0.0
3.4848905467007894e-06 0.724409431833535 -23.8715466 -3.19746146 -0.7316300122862786 0.0
3.465006333334177e-06 0.7231610586306241 -23.28892651 -3.44650464 -0.724409431833535 0.0
3.438386470354403e-06 0.7199352787523036 -23.61943702 -3.32379622 -0.7231610586306241 0.0
3.4177102754122666e-06 0.7153260972303828 -23.85841215 -3.20930308 -0.7199352787523036 0.0
3.3948007037450826e-06 0.713481677033237 -23.27233089 -3.45441952 -0.7153260972303828 0.0
3.366822622118308e-06 0.711976349368643 -23.44037964 -3.40289134 -0.713481677033237 0.0
3.3474278104434694e-06 0.7051465590540322 -23.26667918 -3.46673528 -0.711976349368643 0.0
3.32810106925813e-06 0.7036452721807732 -23.73008408 -3.25958462 -0.7051465590540322 0.0
3.31544802921934e-06 0.6928924898414981 -23.34481497 -3.44077692 -0.7036452721807732 0.0
3.3015419867355483e-06 0.692122130522686 -23.6542924 -3.30726983 -0.6928924898414981 0.0
3.2713541891765105e-06 0.6913630312911093 -23.58402205 -3.33964739 -0.692122130522686 0.0
3.2517061337524404e-06 0.6842822620271946 -23.56567626 -3.33055254 -0.6913630312911093 0.0
3.2331325870382556e-06 0.6829069369610998 -23.33134542 -3.42862855 -0.6842822620271946 0.0
3.207221478118396e-06 0.6804756637390115 -23.80655153 -3.23412594 -0.6829069369610998 0.0
3.184564714259953e-06 0.6771862363763486 -23.84768019 -3.21330351 -0.6804756637390115 0.0
3.1620907645747438e-06 0.6747381334275905 -23.70326587 -3.27167888 -0.6771862363763486 0.0
3.1416241784367102e-06 0.6702760992114101 -23.78860525 -3.23477792 -0.6747381334275905 0.0
3.1193141497499154e-06 0.6690863813671486 -23.85807831 -3.20613324 -0.6702760992114101 0.0
3.0904496660175535e-06 0.6689681882468739 -23.38426715 -3.40657639 -0.6690863813671486 0.0
3.062038117797755e-06 0.667657860382072 -23.3627819 -3.43363176 -0.6689681882468739 0.0
3.0361548980422334e-06 0.6660454815438541 -23.85470296 -3.20755772 -0.667657860382072 0.0
3.0144219534805525e-06 0.662127966313243 -23.85212751 -3.20954066 -0.6660454815438541 0.0
2.9979063943498316e-06 0.6571350389291144 -23.28536078 -3.46047812 -0.662127966313243 0.0
2.979370469565758e-06 0.6546269451506276 -23.50512547 -3.35640974 -0.6571350389291144 0.0
2.9549122622111027e-06 0.6537191451323701 -23.71424596 -3.27836465 -0.6546269451506276 0.0
2.9282441433302856e-06 0.6528582311328196 -23.71234734 -3.27925624 -0.6537191451323701 0.0
2.9240364059518076e-06 0.6367590580008688 -23.28077613 -3.46122572 -0.6528582311328196 0.0
2.9185016231174565e-06 0.6366820772369387 -23.38934551 -3.40485895 -0.6367590580008688 0.0
2.8995613091785574e-06 0.6298917000103514 -23.26526448 -3.46311493 -0.6366820772369387 0.0
2.8839389156428873e-06 0.627576056963557 -23.48349474 -3.38352099 -0.6298917000103514 0.0
2.859346952297538e-06 0.6271173071032012 -23.79987443 -3.23574156 -0.627576056963557 0.0
2.838710892516098e-06 0.6221679114926839 -23.48161536 -3.38426441 -0.6271173071032012 0.0
2.8181739759837484e-06 0.6217323468449317 -23.27363648 -3.45650898 -0.6221679114926839 0.0
2.792631500836318e-06 0.6204772109881229 -23.55759523 -3.33474653 -0.6217323468449317 0.0
2.768741835177238e-06 0.6190144975516528 -23.56332886 -3.33234212 -0.6204772109881229 0.0
2.7455755147920448e-06 0.6173812684500118 -23.79518175 -3.2336461 -0.6190144975516528 0.0
2.7337525043666412e-06 0.6077672824597641 -23.80119714 -3.23191332 -0.6173812684500118 0.0
2.7231349525677636e-06 0.6052419667241611 -23.2923847 -3.45716106 -0.6077672824597641 0.0
2.706632251524215e-06 0.6000290645198101 -23.79667415 -3.23425771 -0.6052419667241611 0.0
2.709218964628203e-06 0.5834924000812828 -23.66493608 -3.30053995 -0.6000290645198101 0.0
2.7053765218906164e-06 0.5828987084374412 -23.28332521 -3.45265677 -0.5834924000812828 0.0
2.688543016117482e-06 0.5760866118249772 -23.77399272 -3.24434837 -0.5828987084374412 0.0
2.6734656221118684e-06 0.5742349040273994 -23.29304415 -3.44787571 -0.5760866118249772 0.0
2.6527671991792143e-06 0.5717312505587434 -23.76050915 -3.25352252 -0.5742349040273994 0.0
2.631271833768414e-06 0.5706050023506456 -23.30649352 -3.44152756 -0.5717312505587434 0.0
2.6084333013326903e-06 0.5692658058457711 -23.72371133 -3.26501614 -0.5706050023506456 0.0
2.5852035872177534e-06 0.5685950275879716 -23.64558251 -3.30939733 -0.5692658058457711 0.0
2.5637403607479652e-06 0.5660406457323774 -23.7022692 -3.27414463 -0.5685950275879716 0.0
2.5442255264839097e-06 0.563975757957605 -23.6717808 -3.28712059 -0.5660406457323774 0.0
2.5227565250693482e-06 0.5630873734851581 -23.4975213 -3.37657301 -0.563975757957605 0.0
2.5126367781044774e-06 0.5521437433548931 -23.4037676 -3.39996124 -0.5630873734851581 0.0
2.509557655789608e-06 0.545619823711669 -23.74380562 -3.26087379 -0.5521437433548931 0.0
2.505847895857413e-06 0.5352181821297058 -23.42934024 -3.40520232 -0.545619823711669 0.0
2.5067595216249734e-06 0.5249907970002995 -23.51769126 -3.3528108 -0.5352181821297058 0.0
2.4953307397881606e-06 0.5244306698285558 -23.73373441 -3.26480583 -0.5249907970002995 0.0
2.4779771911698544e-06 0.5190546877908356 -23.42865531 -3.40524272 -0.5244306698285558 0.0
2.4665197616436515e-06 0.5137985395100987 -23.64043881 -3.31073706 -0.5190546877908356 0.0
2.4542223520674377e-06 0.5091489309878814 -23.29566455 -3.4526661 -0.5137985395100987 0.0
2.4383744527915674e-06 0.5068504753795893 -23.65298007 -3.30460851 -0.5091489309878814 0.0
2.4220698939646257e-06 0.502669532124117 -23.31170038 -3.44088797 -0.5068504753795893 0.0
2.4054980682857418e-06 0.5006774827740469 -23.2983677 -3.45171706 -0.502669532124117 0.0
2.385307495072185e-06 0.4996260234149995 -23.7173568 -3.27137205 -0.5006774827740469 0.0
2.3655011938009053e-06 0.4974539721684713 -23.57597102 -3.32880631 -0.4996260234149995 0.0
2.3474431653369183e-06 0.4950520239407943 -23.37494208 -3.41297022 -0.4974539721684713 0.0
2.3283497969047176e-06 0.49388610017599477 -23.62222243 -3.30946077 -0.4950520239407943 0.0
2.308082619334059e-06 0.4926366727382099 -23.61492024 -3.31254795 -0.49388610017599477 0.0
2.2892553396660564e-06 0.4903674544298209 -23.32612307 -3.43442461 -0.4926366727382099 0.0
2.2750440764135643e-06 0.48519572844587305 -23.44901805 -3.38205656 -0.4903674544298209 0.0
2.2584354955138597e-06 0.48511433074509247 -23.31635334 -3.43918601 -0.48519572844587305 0.0
2.2365003428536625e-06 0.48481512296529317 -23.69158663 -3.28119599 -0.48511433074509247 0.0
2.216021994956036e-06 0.4836112146712058 -23.51091687 -3.3694907 -0.48481512296529317 0.0
2.1958307869078256e-06 0.4832205946986284 -23.39392511 -3.41870743 -0.4836112146712058 0.0
2.1757339610450868e-06 0.48209963808698536 -23.58226467 -3.33727248 -0.4832205946986284 0.0
2.155732322962639e-06 0.4817907829066698 -23.6867572 -3.28322271 -0.48209963808698536 0.0
2.135858935056359e-06 0.48072246504273203 -23.44208208 -3.3990622 -0.4817907829066698 0.0
2.121976236525331e-06 0.4749402658581156 -23.67129049 -3.29474305 -0.48072246504273203 0.0
2.1070749347924866e-06 0.47490773042072526 -23.41234118 -3.39754022 -0.4749402658581156 0.0
2.0865560781156566e-06 0.4746112289532076 -23.44143217 -3.39923378 -0.47490773042072526 0.0
2.066301218974813e-06 0.4745165272041586 -23.31967814 -3.43791882 -0.4746112289532076 0.0
2.047012731019664e-06 0.4734681042097128 -23.57752036 -3.33928819 -0.4745165272041586 0.0
2.02962252911509e-06 0.4716797832229762 -23.36826327 -3.42839992 -0.4734681042097128 0.0
2.014598487542942e-06 0.4684291161618748 -23.49063914 -3.36496894 -0.4716797832229762 0.0
1.9984332314986785e-06 0.467889401580868 -23.52205424 -3.35187405 -0.4684291161618748 0.0
1.981516937594265e-06 0.4655313873436337 -23.59498463 -3.33104296 -0.467889401580868 0.0
1.966235563620597e-06 0.46347210637786573 -23.306669 -3.44773441 -0.4655313873436337 0.0
1.949144617771649e-06 0.46309013093764034 -23.61652342 -3.31252754 -0.46347210637786573 0.0
1.9303120011450186e-06 0.46298935135130226 -23.39978523 -3.40301563 -0.46309013093764034 0.0
1.912851626712291e-06 0.4613631709126751 -23.31194009 -3.44681554 -0.46298935135130226 0.0
1.8966896141500523e-06 0.46005859136634886 -23.36730558 -3.42852316 -0.4613631709126751 0.0
1.8814395854520086e-06 0.45760925850863254 -23.46492468 -3.38902951 -0.46005859136634886 0.0
1.8656349061824068e-06 0.45702810094097723 -23.65617793 -3.30156434 -0.45760925850863254 0.0
1.8479358443070445e-06 0.4567728708487623 -23.61300766 -3.32238754 -0.45702810094097723 0.0
1.8342773217141607e-06 0.4519705535588234 -23.62810588 -3.30802234 -0.4567728708487623 0.0
1.8209686852164447e-06 0.4514304558822332 -23.39581485 -3.40489665 -0.4519705535588234 0.0
1.8043062735366862e-06 0.4504549012590266 -23.58416983 -3.33573824 -0.4514304558822332 0.0
1.7885494616742508e-06 0.44907252836464234 -23.66604542 -3.29293354 -0.4504549012590266 0.0
1.772800580602049e-06 0.4482427132687969 -23.51365896 -3.3676645 -0.44907252836464234 0.0
1.7560186280972868e-06 0.44819457841712906 -23.50801517 -3.35806413 -0.4482427132687969 0.0
1.7388944108434788e-06 0.4479412434332245 -23.66892577 -3.29455729 -0.44819457841712906 0.0
1.7218991754487668e-06 0.4479372241926353 -23.62755932 -3.30836224 -0.4479412434332245 0.0
1.7050709061391295e-06 0.44768291069064436 -23.33934143 -3.43822603 -0.4479372241926353 0.0
1.6888101996218311e-06 0.44720148415584704 -23.46359614 -3.38941585 -0.44768291069064436 0.0
1.6755860507885346e-06 0.44350814512912784 -23.34720087 -3.42605709 -0.44720148415584704 0.0
1.6645641505330496e-06 0.4404990108606568 -23.54232092 -3.34390983 -0.44350814512912784 0.0
1.6511808602356933e-06 0.4397505855400125 -23.55518972 -3.34883621 -0.4404990108606568 0.0
1.6361065578224218e-06 0.43894104417475865 -23.49327194 -3.37646323 -0.4397505855400125 0.0
1.6209388737650348e-06 0.4384774859697285 -23.66223286 -3.29746943 -0.43894104417475865 0.0
1.6062524441492689e-06 0.4372441925325958 -23.66699242 -3.29433119 -0.4384774859697285 0.0
1.591415443059387e-06 0.43713635756507624 -23.44050522 -3.38639228 -0.4372441925325958 0.0
1.5775019314305204e-06 0.4349073624069032 -23.56938393 -3.33276058 -0.43713635756507624 0.0
1.565183280961472e-06 0.43291466691022407 -23.54787271 -3.35202331 -0.4349073624069032 0.0
1.5524277443708166e-06 0.4313721774025088 -23.64469825 -3.30205654 -0.43291466691022407 0.0
1.5396627943889073e-06 0.42952739021048336 -23.58908775 -3.32471284 -0.4313721774025088 0.0
1.526599857507132e-06 0.42851188414853925 -23.6505844 -3.29997447 -0.42952739021048336 0.0
1.5131327492328524e-06 0.4273483631396039 -23.6314268 -3.30747295 -0.42851188414853925 0.0
1.499542078754212e-06 0.4266557826550455 -23.55181566 -3.34023502 -0.4273483631396039 0.0
1.487047090279695e-06 0.4241840003784102 -23.60246564 -3.32650654 -0.4266557826550455 0.0
1.4746495160234707e-06 0.42349769057925096 -23.64970477 -3.30311069 -0.4241840003784102 0.0
1.46106539882226e-06 0.4227922462903309 -23.52188479 -3.35275447 -0.42349769057925096 0.0
1.4472467352867544e-06 0.42260280673418493 -23.44316211 -3.39759444 -0.4227922462903309 0.0
1.4349919460059714e-06 0.4199008238162535 -23.52193215 -3.3527911 -0.42260280673418493 0.0
1.4248252567326302e-06 0.41692265184555366 -23.41819581 -3.40776671 -0.4199008238162535 0.0
1.4134793656114747e-06 0.4159879219312719 -23.37727009 -3.42381679 -0.41692265184555366 0.0
1.4002250242318692e-06 0.41586446484714923 -23.60009739 -3.32738647 -0.4159879219312719 0.0
1.388538945325347e-06 0.4128512851072484 -23.51803435 -3.35455026 -0.41586446484714923 0.0
1.3773049210220727e-06 0.4122085205668957 -23.5215127 -3.35311819 -0.4128512851072484 0.0
1.3664421670007756e-06 0.408789902615854 -23.64134196 -3.30486065 -0.4122085205668957 0.0
1.3580684325417216e-06 0.4046032860254535 -23.42383579 -3.39397341 -0.408789902615854 0.0
1.34794129034542e-06 0.4038549222510191 -23.5410556 -3.34518886 -0.4046032860254535 0.0
1.335226658942676e-06 0.40365729200149264 -23.32663013 -3.43791876 -0.4038549222510191 0.0
1.3223927133002103e-06 0.4032708923453716 -23.59589987 -3.32899229 -0.40365729200149264 0.0
1.313492236949837e-06 0.39727226359586787 -23.6286349 -3.31242351 -0.4032708923453716 0.0
1.3044530553968436e-06 0.39717240054092295 -23.40250669 -3.41363654 -0.39727226359586787 0.0
1.292517677360064e-06 0.3957557693111243 -23.63270785 -3.30934805 -0.39717240054092295 0.0
1.2827444907945557e-06 0.39245413869373985 -23.48374339 -3.37970365 -0.3957557693111243 0.0
1.2733389298131527e-06 0.39057204180532673 -23.62098257 -3.31600981 -0.39245413869373985 0.0
1.263653716636847e-06 0.38782493655685607 -23.58418981 -3.32789298 -0.39057204180532673 0.0
1.2539468312153983e-06 0.38609275930659676 -23.33645237 -3.43657402 -0.38782493655685607 0.0
1.2428571670713373e-06 0.3856898570720137 -23.62412509 -3.31338942 -0.38609275930659676 0.0
1.2310057269622887e-06 0.38535487829412096 -23.34238347 -3.43499297 -0.3856898570720137 0.0
1.219179776535819e-06 0.38509554642704685 -23.54003225 -3.35449801 -0.38535487829412096 0.0
1.2076810290956709e-06 0.38440692320880454 -23.39503343 -3.41626797 -0.38509554642704685 0.0
1.1966689141569967e-06 0.38351541272357753 -23.62206206 -3.31443769 -0.38440692320880454 0.0
1.1854535361492484e-06 0.38333878993165366 -23.44991427 -3.3834808 -0.38351541272357753 0.0
1.174027603791607e-06 0.382985171606055 -23.4379483 -3.39896289 -0.38333878993165366 0.0
1.1633595378053126e-06 0.38169503528113935 -23.58523297 -3.33334479 -0.382985171606055 0.0
1.1527446803802584e-06 0.38141650368912966 -23.45836039 -3.37999645 -0.38169503528113935 0.0
1.1422538437359088e-06 0.38007962271398554 -23.34037768 -3.43522334 -0.38141650368912966 0.0
1.1317132655107868e-06 0.3800568309711107 -23.3347386 -3.43594978 -0.38007962271398554 0.0
1.1210340378486303e-06 0.3791414528008075 -23.34404543 -3.43418722 -0.3800568309711107 0.0
1.1106525163261466e-06 0.37876362007901754 -23.44059586 -3.38747308 -0.3791414528008075 0.0
1.0999249088520465e-06 0.37865232321876385 -23.41945234 -3.40644396 -0.37876362007901754 0.0
1.0896691996340752e-06 0.37759873116754966 -23.57840976 -3.33645279 -0.37865232321876385 0.0
1.0803797331637958e-06 0.3758752855374949 -23.38640078 -3.41936737 -0.37759873116754966 0.0
1.071852723720905e-06 0.3735465136837123 -23.48285837 -3.37967369 -0.3758752855374949 0.0
1.0628847228487343e-06 0.3727774564030203 -23.61084385 -3.31987311 -0.3735465136837123 0.0
1.0531859952584222e-06 0.37197945759997386 -23.34008834 -3.43248288 -0.3727774564030203 0.0
1.0433697576047927e-06 0.3716051195500254 -23.37848904 -3.42221465 -0.37197945759997386 0.0
1.0337399512512022e-06 0.3706237617957839 -23.49281841 -3.36590786 -0.3716051195500254 0.0
1.025635092868668e-06 0.3674491828008732 -23.56607049 -3.34193969 -0.3706237617957839 0.0
1.017350635084435e-06 0.366941029040211 -23.40934892 -3.40090963 -0.3674491828008732 0.0
1.007615300108702e-06 0.36677922605900254 -23.43429196 -3.3903802 -0.366941029040211 0.0
9.977557341259393e-07 0.36670683829675366 -23.60622763 -3.32176801 -0.36677922605900254 0.0
9.879244118673059e-07 0.36668316789315714 -23.60279781 -3.32377919 -0.36670683829675366 0.0
9.783775266542127e-07 0.3662273763697763 -23.34073745 -3.43300406 -0.36668316789315714 0.0
9.690272804387118e-07 0.3659881684363752 -23.444878 -3.39569668 -0.3662273763697763 0.0
9.596757135643077e-07 0.3657213894657866 -23.58297549 -3.33378557 -0.3659881684363752 0.0
9.506084969341624e-07 0.36507384654289726 -23.4113372 -3.40010976 -0.3657213894657866 0.0
9.428519478032271e-07 0.36220874233125316 -23.39179281 -3.40855901 -0.36507384654289726 0.0
9.34970613612636e-07 0.36195948723350624 -23.45915242 -3.38958958 -0.36220874233125316 0.0
9.263905087080773e-07 0.3607469088532281 -23.41510105 -3.39861755 -0.36195948723350624 0.0
9.181118751388859e-07 0.3600118127890187 -23.59120162 -3.32637082 -0.3607469088532281 0.0
9.102738705071576e-07 0.35799461073988414 -23.5510349 -3.3423019 -0.3600118127890187 0.0
9.027582209166974e-07 0.35669204635793594 -23.35976405 -3.42311885 -0.35799461073988414 0.0
8.94837813810272e-07 0.355718318718684 -23.49558431 -3.37367819 -0.35669204635793594 0.0
8.866064040209372e-07 0.3552738826479097 -23.4916507 -3.36675417 -0.355718318718684 0.0
8.786858440882678e-07 0.35376560255509104 -23.35358121 -3.42634018 -0.3552738826479097 0.0
8.706573853265813e-07 0.35373043387708464 -23.35318703 -3.43009633 -0.35376560255509104 0.0
8.63284956614553e-07 0.35087440373977635 -23.35002467 -3.43059418 -0.35373043387708464 0.0
8.560641468410075e-07 0.3506267851004628 -23.58968297 -3.32772191 -0.35087440373977635 0.0
8.476978918877595e-07 0.35061572369997185 -23.59074752 -3.32741124 -0.3506267851004628 0.0
8.396294254338251e-07 0.3498536254626096 -23.58828147 -3.32825504 -0.35061572369997185 0.0
8.326280259285568e-07 0.3474636235614615 -23.4270757 -3.39388175 -0.3498536254626096 0.0
8.255846112087563e-07 0.34694208353189565 -23.37367621 -3.42313644 -0.3474636235614615 0.0
8.176269446107798e-07 0.3469340546415121 -23.5320633 -3.35036567 -0.34694208353189565 0.0
8.096764007755073e-07 0.3465844763928309 -23.37978184 -3.42093633 -0.3469340546415121 0.0
8.018211525643674e-07 0.3465315259243535 -23.55002844 -3.34872513 -0.3465844763928309 0.0
7.94002339994123e-07 0.3462821752678644 -23.39537626 -3.41510349 -0.3465315259243535 0.0
7.869558991227296e-07 0.34446007505470905 -23.49148254 -3.37518657 -0.3462821752678644 0.0
7.804163801206661e-07 0.34307039082457114 -23.4523351 -3.38339096 -0.34446007505470905 0.0
7.733286268302795e-07 0.3428059639056321 -23.55629365 -3.34561844 -0.34307039082457114 0.0
7.659343308859259e-07 0.3423850635806275 -23.47084078 -3.38410752 -0.3428059639056321 0.0
7.589391843874549e-07 0.3412551529605044 -23.43926324 -3.38891033 -0.3423850635806275 0.0
7.522030381527355e-07 0.3403150299836901 -23.35550656 -3.42641305 -0.3412551529605044 0.0
7.452678941764736e-07 0.33987940135788886 -23.54546033 -3.34518651 -0.3403150299836901 0.0
7.382864557190353e-07 0.3392381087910231 -23.40568628 -3.41090306 -0.33987940135788886 0.0
7.320718983231609e-07 0.3368863590772669 -23.52349252 -3.35417659 -0.3392381087910231 0.0
7.260736106874275e-07 0.3357910224927068 -23.57851641 -3.33342759 -0.3368863590772669 0.0
7.194515238812719e-07 0.33530996026449517 -23.4900083 -3.37557905 -0.3357910224927068 0.0
7.130655210858851e-07 0.33372260925914404 -23.55308338 -3.34242146 -0.33530996026449517 0.0
7.073069989388671e-07 0.3316267904313406 -23.50595874 -3.36150448 -0.33372260925914404 0.0
7.011573151200359e-07 0.33128592275377117 -23.37203274 -3.41850295 -0.3316267904313406 0.0
6.945573552114402e-07 0.33064127050663794 -23.57182314 -3.33581876 -0.33128592275377117 0.0
6.880783484786364e-07 0.33012928994392343 -23.42348 -3.40355961 -0.33064127050663794 0.0
6.815641578024048e-07 0.32976521901356265 -23.572482 -3.33618407 -0.33012928994392343 0.0
6.752018890752043e-07 0.32898604221951494 -23.46955551 -3.38429028 -0.32976521901356265 0.0
6.688739610890658e-07 0.32869662180891634 -23.4444653 -3.38706647 -0.32898604221951494 0.0
6.623548145333575e-07 0.32867387457971564 -23.56922543 -3.33818873 -0.32869662180891634 0.0
6.558436074659879e-07 0.3285540209671352 -23.45710982 -3.38959103 -0.32867387457971564 0.0
6.494447912390234e-07 0.3283822700809909 -23.36009586 -3.42538363 -0.3285540209671352 0.0
6.430994507343706e-07 0.3282902570156455 -23.56614379 -3.33986388 -0.3283822700809909 0.0
6.368950319382901e-07 0.327870694431284 -23.47887104 -3.38022973 -0.3282902570156455 0.0
6.309617313172783e-07 0.3271089842317129 -23.56685274 -3.3377909 -0.327870694431284 0.0
6.250174457389275e-07 0.3269011994645122 -23.48603651 -3.3698353 -0.3271089842317129 0.0
6.193530727606701e-07 0.32541698300490907 -23.44108759 -3.39621701 -0.3269011994645122 0.0
6.138545652587851e-07 0.3248350048359668 -23.36517178 -3.42244269 -0.32541698300490907 0.0
6.081019619039152e-07 0.32434723067502336 -23.53992416 -3.35255328 -0.3248350048359668 0.0
6.023002442093975e-07 0.3241073038297137 -23.36276347 -3.42423357 -0.32434723067502336 0.0
5.964903205248384e-07 0.3238326758755142 -23.53657019 -3.34939398 -0.3241073038297137 0.0
5.911428665616924e-07 0.32221785339326103 -23.54652499 -3.34929009 -0.3238326758755142 0.0
5.861978828669493e-07 0.3207325308731696 -23.44978778 -3.38506768 -0.32221785339326103 0.0
5.810285192065431e-07 0.32003191203119874 -23.40117283 -3.41200525 -0.3207325308731696 0.0
5.754882891301081e-07 0.31999367309923754 -23.55806589 -3.34148524 -0.32003191203119874 0.0
5.698232501974022e-07 0.3199165585477158 -23.51621145 -3.35772166 -0.31999367309923754 0.0
5.646162672935923e-07 0.3184533409501385 -23.42268261 -3.40351494 -0.3199165585477158 0.0
5.594449017188632e-07 0.31841792647128375 -23.55942842 -3.34130511 -0.3184533409501385 0.0
5.540378016117894e-07 0.31797698116385475 -23.41716993 -3.40570049 -0.31841792647128375 0.0
5.486736040670114e-07 0.3179755797157028 -23.51922015 -3.36191086 -0.31797698116385475 0.0
5.432602130835156e-07 0.3179069559684228 -23.3880337 -3.41172802 -0.3179755797157028 0.0
5.382501919039428e-07 0.3166051927828105 -23.38468705 -3.41792464 -0.3179069559684228 0.0
5.333694118082469e-07 0.31622436360348344 -23.52897387 -3.3527529 -0.3166051927828105 0.0
5.283669322484401e-07 0.3155511573802645 -23.41561084 -3.3996954 -0.31622436360348344 0.0
5.234934377046576e-07 0.31485669911553804 -23.3960448 -3.41373128 -0.3155511573802645 0.0
5.185061403090939e-07 0.3147956255568718 -23.52005769 -3.36139402 -0.31485669911553804 0.0
5.134537259273468e-07 0.3145399723729907 -23.47912938 -3.37969976 -0.3147956255568718 0.0
5.084498739907958e-07 0.31448150008910275 -23.45775584 -3.38193093 -0.3145399723729907 0.0
5.034811727607849e-07 0.3142799513211148 -23.55519928 -3.34321581 -0.31448150008910275 0.0
4.98555546104622e-07 0.314243446654504 -23.37666948 -3.41728954 -0.3142799513211148 0.0
4.936451551746211e-07 0.31417541037107294 -23.54512733 -3.34660941 -0.314243446654504 0.0
4.889043565739991e-07 0.31364299305910903 -23.37055102 -3.4207056 -0.31417541037107294 0.0
4.845432527863716e-07 0.3121955618286491 -23.54739099 -3.34595318 -0.31364299305910903 0.0
4.801379198268639e-07 0.3120084259049867 -23.42415422 -3.39615796 -0.3121955618286491 0.0
4.754984132264985e-07 0.3117146143198098 -23.55202631 -3.34552906 -0.3120084259049867 0.0
4.7096441275138826e-07 0.31126981317141367 -23.37388374 -3.41903113 -0.3117146143198098 0.0
4.665750105542889e-07 0.3105415011226281 -23.54213159 -3.35067567 -0.31126981317141367 0.0
4.621530661624968e-07 0.3104143297784257 -23.37495791 -3.42059926 -0.3105415011226281 0.0
4.577105216408029e-07 0.30995931269757404 -23.43683798 -3.3908459 -0.3104143297784257 0.0
4.5338598865611274e-07 0.30949987049109573 -23.45429072 -3.38353557 -0.30995931269757404 0.0
4.4902215659768145e-07 0.30940180401724054 -23.54104388 -3.35112881 -0.30949987049109573 0.0
4.446158536245584e-07 0.3093223559549377 -23.54982654 -3.34638712 -0.30940180401724054 0.0
4.4026898104367325e-07 0.30915074486236893 -23.45507584 -3.38321984 -0.3093223559549377 0.0
4.3598295163843433e-07 0.3089871332741677 -23.47731031 -3.37400345 -0.30915074486236893 0.0
4.3172885876235724e-07 0.30886086324400347 -23.39234904 -3.41019455 -0.3089871332741677 0.0
4.275969911998057e-07 0.30831975437706255 -23.52325878 -3.35539454 -0.30886086324400347 0.0
4.235216085942127e-07 0.3081133510232223 -23.45698806 -3.38900461 -0.30831975437706255 0.0
4.1949511546499137e-07 0.3075244776990718 -23.51341013 -3.35935277 -0.3081133510232223 0.0
4.155713785976395e-07 0.30700765529221563 -23.46339941 -3.37982632 -0.3075244776990718 0.0
4.1160121504238634e-07 0.3068226242417735 -23.37685173 -3.41970063 -0.30700765529221563 0.0
4.076542081529658e-07 0.30637837425034475 -23.37841329 -3.41707728 -0.3068226242417735 0.0
4.039165927576743e-07 0.3053439465759786 -23.52996923 -3.35294281 -0.30637837425034475 0.0
4.0013841596421705e-07 0.30527319811728526 -23.37592801 -3.41958127 -0.3053439465759786 0.0
3.962275434697497e-07 0.3050870446946475 -23.48641284 -3.37617176 -0.30527319811728526 0.0
3.9243468920919537e-07 0.3046096337205356 -23.5330505 -3.35182166 -0.3050870446946475 0.0
3.8864389031309307e-07 0.3045996284035628 -23.40403451 -3.40515838 -0.3046096337205356 0.0
3.8482539283937397e-07 0.3044565150111426 -23.41240444 -3.40149416 -0.3045996284035628 0.0
3.811137726317152e-07 0.3040825164265977 -23.51850199 -3.35748896 -0.3044565150111426 0.0
3.7751232913829584e-07 0.30354532699197434 -23.53750756 -3.35239777 -0.3040825164265977 0.0
3.7387997370303334e-07 0.30351859904709794 -23.37674633 -3.418937 -0.30354532699197434 0.0
3.703438214933642e-07 0.3026508504427571 -23.53558551 -3.35329083 -0.30351859904709794 0.0
3.6683795265426223e-07 0.3026409827009607 -23.46320158 -3.38616633 -0.3026508504427571 0.0
3.634002977976296e-07 0.3015809280518393 -23.54063557 -3.35039981 -0.3026409827009607 0.0
3.6009823446163783e-07 0.3009963409139472 -23.43304033 -3.39277077 -0.3015809280518393 0.0
3.5678831411384375e-07 0.3001487994617697 -23.38653281 -3.41347849 -0.3009963409139472 0.0
3.5351470810537394e-07 0.2995307085110931 -23.40911125 -3.40812476 -0.3001487994617697 0.0
3.5015758851397276e-07 0.29933162317769024 -23.38664281 -3.41349379 -0.2995307085110931 0.0
3.467533015564905e-07 0.2991694943987504 -23.44970895 -3.38581242 -0.29933162317769024 0.0
3.4342500280436575e-07 0.29872065567258527 -23.40917298 -3.40806339 -0.2991694943987504 0.0
3.401683462122703e-07 0.29832507022599775 -23.53761394 -3.35132258 -0.29872065567258527 0.0
3.3692653396163445e-07 0.2979714351412669 -23.53278688 -3.35424019 -0.29832507022599775 0.0
3.337316226668977e-07 0.2974799605319483 -23.52398727 -3.35575919 -0.2979714351412669 0.0
3.305250261616731e-07 0.2973802484938346 -23.42453327 -3.39654164 -0.2974799605319483 0.0
3.272712979474227e-07 0.2973650849866977 -23.52472398 -3.35824062 -0.2973802484938346 0.0
3.2404669253221135e-07 0.29728332058255846 -23.47422547 -3.3757032 -0.2973650849866977 0.0
3.208521865537176e-07 0.29727857983697026 -23.38896772 -3.41523846 -0.29728332058255846 0.0
3.176903810826578e-07 0.29718921079776023 -23.52463176 -3.35553879 -0.29727857983697026 0.0
3.145895344238286e-07 0.2969950061824503 -23.49683337 -3.36649222 -0.29718921079776023 0.0
3.147294357172761e-07 0.29630009864722395 -23.41323053 -3.40639289 -0.2969950061824503 0.0
3.1485398862469247e-07 0.29620355241222573 -23.43013703 -3.39419225 -0.29630009864722395 0.0
3.149785564614051e-07 0.295509099692566 -23.53411843 -3.3527814 -0.29620355241222573 0.0
3.15156317881481e-07 0.2950750765489183 -23.3919629 -3.4112257 -0.295509099692566 0.0
3.153412656184911e-07 0.29433584456017653 -23.52706437 -3.35491213 -0.2950750765489183 0.0
3.1546722495387805e-07 0.29427622400678194 -23.47989624 -3.37349696 -0.29433584456017653 0.0
3.154928341986657e-07 0.29417349533741805 -23.52167678 -3.35947267 -0.29427622400678194 0.0
3.1557008896160544e-07 0.29378657853898155 -23.49403475 -3.36776964 -0.29417349533741805 0.0
3.156562795238952e-07 0.2936272857865609 -23.39153313 -3.41409866 -0.29378657853898155 0.0
3.1568323189756084e-07 0.29361580912410146 -23.38868938 -3.41301514 -0.2936272857865609 0.0
3.15939492825994e-07 0.2920050609000612 -23.45362966 -3.38444976 -0.29361580912410146 0.0
3.1632094662327385e-07 0.2912020513494081 -23.38757076 -3.41477981 -0.2920050609000612 0.0
3.165202823071552e-07 0.290745010676359 -23.38785495 -3.41460408 -0.2912020513494081 0.0
3.1663305340416056e-07 0.2904895744445839 -23.45710435 -3.38306441 -0.290745010676359 0.0
3.1669121392090726e-07 0.29037766265685633 -23.47554905 -3.38033927 -0.2904895744445839 0.0
3.1674745512544855e-07 0.29013443756230095 -23.38831073 -3.41435385 -0.29037766265685633 0.0
3.1687137108925287e-07 0.2895954459781712 -23.4091713 -3.40362293 -0.29013443756230095 0.0
3.170778838567376e-07 0.28883148683421656 -23.49483813 -3.36769698 -0.2895954459781712 0.0
3.1735603963275247e-07 0.28784181907475637 -23.39598359 -3.41212126 -0.28883148683421656 0.0
3.176132889436371e-07 0.28721079505800134 -23.44035711 -3.39023372 -0.28784181907475637 0.0
3.177709792426524e-07 0.28684902825094594 -23.39624461 -3.40987617 -0.28721079505800134 0.0
3.178709902700898e-07 0.28658142577469986 -23.52143647 -3.35796572 -0.28684902825094594 0.0
3.180544294948688e-07 0.2856953654711176 -23.51719842 -3.35938149 -0.28658142577469986 0.0
3.1820447952924395e-07 0.28563790341725687 -23.43509927 -3.39721762 -0.2856953654711176 0.0
3.1825099794327627e-07 0.2854030191722088 -23.51802864 -3.36033116 -0.28563790341725687 0.0
3.183071273802218e-07 0.28528518728698393 -23.50228917 -3.36496217 -0.2854030191722088 0.0
3.183575656743221e-07 0.28508613481768097 -23.49819774 -3.36992794 -0.28528518728698393 0.0
3.183908167629641e-07 0.28507629685215286 -23.39731809 -3.41139183 -0.28508613481768097 0.0
3.184038759969731e-07 0.28500410504823015 -23.51964413 -3.35921046 -0.28507629685215286 0.0
3.1848857341853285e-07 0.28454440662336855 -23.4344064 -3.39288737 -0.28500410504823015 0.0
3.185974533151309e-07 0.2843204528542023 -23.4033371 -3.40665757 -0.28454440662336855 0.0
3.187482866449401e-07 0.28359789032109733 -23.40463398 -3.40610434 -0.2843204528542023 0.0
3.189368195601758e-07 0.2831377669843261 -23.42233446 -3.40218013 -0.28359789032109733 0.0
3.191425636408905e-07 0.2823082383166095 -23.45208768 -3.38552543 -0.2831377669843261 0.0
3.1931479518629145e-07 0.28205856244222083 -23.50281265 -3.36755286 -0.2823082383166095 0.0
3.193876431954267e-07 0.2818520083701804 -23.51120549 -3.36340409 -0.28205856244222083 0.0
3.1943080294806597e-07 0.2817883054114116 -23.3980245 -3.41066571 -0.2818520083701804 0.0
3.194905872913662e-07 0.2814777485309135 -23.4079778 -3.40747211 -0.2817883054114116 0.0
3.1956126178824913e-07 0.28134591467145537 -23.41613619 -3.40101264 -0.2814777485309135 0.0
3.1958691662366914e-07 0.2813171879747864 -23.47502865 -3.37610082 -0.28134591467145537 0.0
3.1964474297901986e-07 0.2809840930697574 -23.51238354 -3.36259986 -0.2813171879747864 0.0
3.197000706545653e-07 0.2809710079405526 -23.44398773 -3.38899617 -0.2809840930697574 0.0
3.197157964083195e-07 0.2808857190961126 -23.49067666 -3.36982415 -0.2809710079405526 0.0
3.197591417109967e-07 0.28069988417559966 -23.48639608 -3.37502621 -0.2808857190961126 0.0
3.1979508728030285e-07 0.2806608944454671 -23.40265882 -3.40735789 -0.28069988417559966 0.0
3.199608936869099e-07 0.27966344718918856 -23.40264786 -3.40749729 -0.2806608944454671 0.0
3.20128555605894e-07 0.27961290577840026 -23.49658773 -3.37028223 -0.27966344718918856 0.0
3.201404774784157e-07 0.2795889662992359 -23.42967486 -3.39908291 -0.27961290577840026 0.0
3.2024796697392505e-07 0.27894160855372885 -23.44934991 -3.38684468 -0.2795889662992359 0.0
3.203764970732405e-07 0.2787863374756206 -23.47653502 -3.37563037 -0.27894160855372885 0.0
3.2053821523011267e-07 0.2779324888130662 -23.42134076 -3.40224146 -0.2787863374756206 0.0
3.206970755058204e-07 0.2777951958810668 -23.45596704 -3.38815749 -0.2779324888130662 0.0
3.207337824882227e-07 0.27770357932972634 -23.47973278 -3.37782477 -0.2777951958810668 0.0
3.2086569846728224e-07 0.27697290775374067 -23.49192969 -3.37223558 -0.27770357932972634 0.0
3.209904659494433e-07 0.2769259047092946 -23.42337523 -3.39809459 -0.27697290775374067 0.0
3.2104023265455817e-07 0.2766628663950549 -23.50451598 -3.36605773 -0.2769259047092946 0.0
3.2109462925693483e-07 0.27658704038802007 -23.44433663 -3.3929593 -0.2766628663950549 0.0
3.212070073292915e-07 0.27596311618007 -23.50395848 -3.36620777 -0.27658704038802007 0.0
3.2137923564151307e-07 0.2755148986546957 -23.41793442 -3.40063318 -0.27596311618007 0.0
3.215313939577995e-07 0.2750164439606165 -23.4317271 -3.39457413 -0.2755148986546957 0.0
3.219240432915484e-07 0.27307489890502645 -23.48960876 -3.37295778 -0.2750164439606165 0.0
3.2231467714696144e-07 0.27259016182411566 -23.43855102 -3.39507631 -0.27307489890502645 0.0
3.2239995433716837e-07 0.27254575577654994 -23.44828741 -3.39106997 -0.27259016182411566 0.0
3.224989385341596e-07 0.27197629067357687 -23.47287215 -3.37756216 -0.27254575577654994 0.0
3.2271072909880153e-07 0.27123280980219433 -23.42717114 -3.3994839 -0.27197629067357687 0.0
3.2284407795090366e-07 0.27114989528396466 -23.43007591 -3.39835274 -0.27123280980219433 0.0
3.228696269979447e-07 0.2710745409276063 -23.4165901 -3.40171942 -0.27114989528396466 0.0
3.229024445892192e-07 0.27094662133345354 -23.41151521 -3.40455065 -0.2710745409276063 0.0
3.229603720230782e-07 0.2707157901698532 -23.48023116 -3.37473188 -0.27094662133345354 0.0
3.230462321120142e-07 0.27041499464652735 -23.42397239 -3.40062819 -0.2707157901698532 0.0
3.231014375414121e-07 0.27037401680627265 -23.48091771 -3.37672252 -0.27041499464652735 0.0
3.231844858179814e-07 0.2699010468351539 -23.4772138 -3.37836441 -0.27037401680627265 0.0
3.2355023925275953e-07 0.26811260597038994 -23.47017609 -3.38135091 -0.2699010468351539 0.0
3.238799965776027e-07 0.2678629322161885 -23.42888496 -3.39640132 -0.26811260597038994 0.0
3.239583416767089e-07 0.26762887167634397 -23.41825407 -3.40155029 -0.2678629322161885 0.0
3.2413747563467717e-07 0.26675750661977277 -23.45078698 -3.38704205 -0.26762887167634397 0.0
3.24301813666818e-07 0.2666149418529295 -23.42992804 -3.39797006 -0.26675750661977277 0.0
3.243693712667422e-07 0.2663409295821178 -23.42015433 -3.4010189 -0.2666149418529295 0.0
3.2441557325724864e-07 0.26633007069032294 -23.43052221 -3.39771161 -0.2663409295821178 0.0
3.245166231280125e-07 0.2657181545666279 -23.48259125 -3.37520929 -0.26633007069032294 0.0
3.2463048870186954e-07 0.2656283472291987 -23.46498555 -3.3834 -0.2657181545666279 0.0
3.2470166460082116e-07 0.2652797269061287 -23.47908478 -3.37690296 -0.2656283472291987 0.0
3.24786166762605e-07 0.26510790085144553 -23.44655694 -3.38898321 -0.2652797269061287 0.0
3.2483025535726495e-07 0.26500824737616047 -23.48118382 -3.37573128 -0.26510790085144553 0.0
3.248887920173201e-07 0.2647475339908966 -23.46801316 -3.38195831 -0.26500824737616047 0.0
3.2497285434172825e-07 0.26449083010983326 -23.43769891 -3.394708 -0.2647475339908966 0.0
3.2505255711113837e-07 0.26425707176822605 -23.43313736 -3.39644221 -0.26449083010983326 0.0
3.2518038149061764e-07 0.2637045629841573 -23.46873862 -3.38003774 -0.26425707176822605 0.0
3.252710947180213e-07 0.2636991476791106 -23.46500674 -3.38316443 -0.2637045629841573 0.0
3.2527818465131284e-07 0.2636609698210176 -23.45128757 -3.38907517 -0.2636991476791106 0.0
3.253238663329517e-07 0.26341830413471157 -23.46665978 -3.3808941 -0.2636609698210176 0.0
3.254545186566858e-07 0.2628579809470491 -23.42969245 -3.3972972 -0.26341830413471157 0.0
3.25627676490527e-07 0.2623544734923004 -23.47119387 -3.37939498 -0.2628579809470491 0.0
3.2571162337159365e-07 0.26234238364735313 -23.45694318 -3.38495889 -0.2623544734923004 0.0
3.2578915175183105e-07 0.26187852854556803 -23.45816615 -3.38590982 -0.26234238364735313 0.0
3.2602312984842105e-07 0.2609067040592947 -23.44410741 -3.39061562 -0.26187852854556803 0.0
3.262169260654671e-07 0.2606898078991757 -23.44340632 -3.3918286 -0.2609067040592947 0.0
3.2642864341497917e-07 0.2596093894307121 -23.45483752 -3.38646844 -0.2606898078991757 0.0
3.266074357635539e-07 0.25959437079997283 -23.45035697 -3.38867532 -0.2596093894307121 0.0
