0.0 617044.740378889 -23.72124704 -2.06899599 -363.2923786243275 0.0
0.0 520453.79672190023 -23.84193978 -2.05364629 -617044.740378889 0.0
0.0 508712.8819888013 -23.02130898 -2.1201716 -520453.79672190023 0.0
0.0 416477.3937842695 -23.05891535 -2.18230487 -508712.8819888013 0.0
0.0 342004.46817913686 -23.91837718 -2.07898337 -416477.3937842695 0.0
0.0 334715.1421229397 -23.0447687 -2.23571039 -342004.46817913686 0.0
0.0 267658.2400760605 -23.28080336 -2.30011832 -334715.1421229397 0.0
0.0 226653.8116174638 -22.53879204 -2.19276807 -267658.2400760605 0.0
0.0 174452.385645971 -23.20257068 -2.38925196 -226653.8116174638 0.0
0.0 154414.20317349644 -23.66430616 -2.28103056 -174452.385645971 0.0
0.0 109931.33353287193 -23.6579479 -2.32657054 -154414.20317349644 0.0
0.0 108754.9769334432 -22.1243833 -2.20608961 -109931.33353287193 0.0
0.0 61010.74943573794 -21.93200191 -2.26113427 -108754.9769334432 0.0
0.0 60613.12449046389 -21.97136148 -2.30211285 -61010.74943573794 0.0
0.0 51830.54911302042 -22.44374806 -2.57542253 -60613.12449046389 0.0
0.0 39407.36918277727 -23.38442772 -2.56240434 -51830.54911302042 0.0
0.0 36161.10014657864 -21.56804235 -2.11914992 -39407.36918277727 0.0
0.0 31504.137398775973 -22.03002747 -2.57134213 -36161.10014657864 0.0
0.0 31383.113023438327 -21.59503036 -2.20512625 -31504.137398775973 0.0
0.0 28971.43524671074 -21.9256714 -2.54356505 -31383.113023438327 0.0
0.0 23150.51443083087 -21.89212438 -2.5978535 -28971.43524671074 0.0
0.0 17625.57925752079 -22.48003634 -2.85388821 -23150.51443083087 0.0
0.0 16607.6642885643 -22.12868475 -2.78364497 -17625.57925752079 0.0
0.0 10904.205492868829 -21.75380574 -2.76046736 -16607.6642885643 0.0
0.0 10288.616787596193 -22.26770388 -2.9404107 -10904.205492868829 0.0
0.0 8944.252860270564 -22.36931817 -2.98968117 -10288.616787596193 0.0
0.0 7497.664122335702 -21.83086169 -2.89739757 -8944.252860270564 0.0
0.0 6545.848286723806 -22.13912583 -3.01895508 -7497.664122335702 0.0
0.0 6145.834055431107 -21.06309217 -2.3384612 -6545.848286723806 0.0
0.0 5417.014670458001 -21.39173983 -2.7143361 -6145.834055431107 0.0
0.0 5324.002109007017 -21.73763573 -2.95611738 -5417.014670458001 0.0
0.0 4555.890831097459 -20.62658302 -2.02078815 -5324.002109007017 0.0
0.0 4016.7851239337433 -20.77800102 -2.2217822 -4555.890831097459 0.0
0.0 3726.856216422669 -22.62444879 -3.11669639 -4016.7851239337433 0.0
0.0 3319.216388992329 -23.25585691 -2.88980107 -3726.856216422669 0.0
0.0 2999.3517611106095 -21.13603743 -2.69423161 -3319.216388992329 0.0
0.0 2912.0668886996373 -22.93564899 -3.03971739 -2999.3517611106095 0.0
0.0 2740.600819171197 -21.34315348 -2.93196143 -2912.0668886996373 0.0
0.0 2695.4388210092484 -20.89733428 -2.49722696 -2740.600819171197 0.0
0.0 2239.13042506334 -21.06634634 -2.73810262 -2695.4388210092484 0.0
0.0 1418.063410110906 -22.75205599 -3.18425946 -2239.13042506334 0.0
0.0 1282.782209222592 -20.35585246 -2.24173452 -1418.063410110906 0.0
0.0 1221.4967334583187 -21.67667002 -3.29146128 -1282.782209222592 0.0
0.0 1206.8265020947615 -23.64527096 -2.79573253 -1221.4967334583187 0.0
0.0 1188.9687801058276 -22.89191371 -3.14436176 -1206.8265020947615 0.0
0.0 985.3937702491521 -21.58495909 -3.31701569 -1188.9687801058276 0.0
0.0 810.0755153787293 -20.62546987 -2.68656629 -985.3937702491521 0.0
0.0 804.50170917432 -20.74819253 -2.81143072 -810.0755153787293 0.0
0.0 791.2806766909338 -20.7414156 -2.81116225 -804.50170917432 0.0
1.1544140385357352e-284 647.9947396118052 -21.03793565 -3.18167834 -791.2806766909338 0.0
8.524966870931521e-250 567.6974898713975 -20.07349889 -2.27260919 -647.9947396118052 0.0
2.7168945668843485e-172 389.2294118993463 -20.79626138 -3.14615273 -567.6974898713975 0.0
4.943810775966324e-161 363.2923786243275 -20.52337532 -2.90223161 -389.2294118993463 0.0
5.259724299099202e-156 351.7075699700487 -23.48921809 -2.96077618 -363.2923786243275 0.0
1.2943937163341907e-144 325.4686254148648 -21.49143242 -3.52194768 -351.7075699700487 0.0
3.662662842878019e-135 303.69526122464663 -21.51754115 -3.53740234 -325.4686254148648 0.0
1.3519824205808967e-129 290.8664214783321 -21.33290317 -3.5233034 -303.69526122464663 0.0
3.1161680818637465e-127 285.4205710764283 -20.00469702 -2.48719302 -290.8664214783321 0.0
4.071595201489837e-110 245.99493847839653 -20.73541131 -3.28217201 -285.4205710764283 0.0
1.2805706570612113e-104 233.32620979727366 -20.89861106 -3.46041933 -245.99493847839653 0.0
3.1808634591217357e-102 227.8052332001403 -20.30883728 -2.8960251 -233.32620979727366 0.0
7.22542908440247e-102 227.54023589467286 -20.03407993 -2.62337267 -227.8052332001403 0.0
2.9626239401903737e-95 211.73432041883947 -20.82357917 -3.44272484 -227.54023589467286 0.0
2.7216026112188663e-93 207.2148905129653 -20.07640118 -2.71397163 -211.73432041883947 0.0
2.6338186069475904e-89 198.01665088182253 -21.67663709 -3.61413488 -207.2148905129653 0.0
4.065121259626692e-87 192.97385524160296 -23.84783716 -4.46915437 -198.01665088182253 0.0
1.0780162939671027e-86 192.445773192034 -23.57512602 -4.60139044 -192.97385524160296 0.0
1.3885106050559816e-86 192.37989876775276 -23.50449043 -4.95647692 -192.445773192034 0.0
1.4951059663365119e-86 192.27938187656102 -23.34299253 -4.92271477 -192.37989876775276 0.0
1.7754843308024708e-86 192.02931386762452 -23.8702813 -4.13520871 -192.27938187656102 0.0
2.163756304920615e-86 191.85585580527362 -23.1001785 -4.84409303 -192.02931386762452 0.0
2.7687071834481225e-86 191.53453299538745 -23.17767388 -4.68394185 -191.85585580527362 0.0
3.5535500790734064e-86 191.32235400284043 -23.61813061 -4.29392356 -191.53453299538745 0.0
5.220594111094145e-86 190.8012126157342 -23.91306267 -4.00422163 -191.32235400284043 0.0
6.515830676172246e-86 190.79208479938046 -23.16578315 -4.55956658 -190.8012126157342 0.0
8.24435784099269e-86 190.35754237346507 -22.42074332 -4.89316274 -190.79208479938046 0.0
1.326872285735709e-85 189.83984948129864 -23.32713019 -4.36130403 -190.35754237346507 0.0
2.2737843580422606e-85 189.27332117616658 -23.72988093 -4.06310811 -189.83984948129864 0.0
2.943274910254593e-85 189.2251854394949 -23.3719028 -4.29016472 -189.27332117616658 0.0
3.1951585902277236e-85 189.09298000457588 -22.66771122 -4.64332172 -189.2251854394949 0.0
3.6741067257231146e-85 188.9283406529184 -22.92688022 -4.50402741 -189.09298000457588 0.0
4.9986143455792264e-85 188.4968074539845 -21.96030387 -4.94356806 -188.9283406529184 0.0
7.044531801831838e-85 188.19826006343217 -23.61927782 -4.08547495 -188.4968074539845 0.0
9.052455783592997e-85 187.96653216021002 -22.63210132 -4.58634204 -188.19826006343217 0.0
1.1380492006624346e-84 187.7221315982869 -22.34954283 -4.70960881 -187.96653216021002 0.0
1.4814969956876003e-84 187.42609107930062 -23.0468079 -4.35597999 -187.7221315982869 0.0
3.041829393927162e-84 186.4644030608566 -22.33094892 -4.66007568 -187.42609107930062 0.0
5.078947488302778e-84 186.17845776891858 -22.57300015 -4.53142897 -186.4644030608566 0.0
2.185081576960983e-83 184.28989500647543 -22.93919822 -4.29056074 -186.17845776891858 0.0
3.810587006598137e-83 184.2624522803971 -23.67849997 -3.92016062 -184.28989500647543 0.0
4.3092118996563244e-83 184.0365890366056 -20.22891152 -2.93178383 -184.2624522803971 0.0
6.815216952436926e-83 183.40969922403355 -23.7006384 -2.8972623 -184.0365890366056 0.0
1.0728850100111809e-82 183.045440803038 -22.56202059 -4.438908 -183.40969922403355 0.0
1.655647458252995e-82 182.5498997790282 -22.40599808 -4.50232235 -183.045440803038 0.0
4.7363849308020047e-82 181.25526446141663 -23.12925028 -4.12308366 -182.5498997790282 0.0
8.357436036368911e-82 181.01587613585053 -21.70390626 -4.81005892 -181.25526446141663 0.0
1.225064278632023e-81 180.51764488469624 -23.01691708 -4.1620528 -181.01587613585053 0.0
2.1660858396703202e-81 179.89122781631974 -21.37319867 -4.94667782 -180.51764488469624 0.0
2.8405807877201167e-81 179.85928930611522 -21.83816033 -4.72207527 -179.89122781631974 0.0
3.2778148377978663e-81 179.60132562278412 -22.58922268 -4.35160193 -179.85928930611522 0.0
5.251892535038838e-81 178.97613880410594 -23.33537072 -3.97895756 -179.60132562278412 0.0
9.36759460191449e-81 178.40765429612094 -23.09960397 -4.08348376 -178.97613880410594 0.0
1.2951262818015372e-80 178.23599347647138 -22.86230458 -4.19546591 -178.40765429612094 0.0
2.3599279916167125e-80 177.36450296098369 -22.76848518 -4.22681493 -178.23599347647138 0.0
6.024404898366311e-80 176.38734219352696 -21.20039443 -4.96691531 -177.36450296098369 0.0
8.962232343435199e-80 176.32150686674794 -23.12698593 -4.03746918 -176.38734219352696 0.0
1.206235361129551e-79 175.83162398603025 -20.3574019 -3.0892984 -176.32150686674794 0.0
3.329400764938655e-79 174.58005730390917 -22.07740452 -4.52334696 -175.83162398603025 0.0
3.791602465405743e-78 171.9559409948072 -23.42735628 -3.83576152 -174.58005730390917 0.0
2.6979184030951438e-76 167.62419168709974 -20.83701805 -3.57080814 -171.9559409948072 0.0
1.3382717966530915e-75 166.21911376450834 -23.46771424 -3.75782762 -167.62419168709974 0.0
2.338597067509853e-75 166.03847941603127 -20.32246912 -4.96404651 -166.21911376450834 0.0
2.8257924926828954e-75 165.82406329903776 -22.02222442 -4.45623752 -166.03847941603127 0.0
4.468197045442157e-75 165.18968173460956 -22.41762624 -4.25843589 -165.82406329903776 0.0
9.887453938266004e-75 164.305869963465 -21.64797692 -4.62187508 -165.18968173460956 0.0
1.3989112682854293e-74 164.2866108594373 -20.38531775 -4.95038746 -164.305869963465 0.0
1.652449619355538e-74 163.97666811145274 -20.98766484 -4.90157014 -164.2866108594373 0.0
7.357708993046127e-74 162.0603735282697 -23.01733112 -3.94084096 -163.97666811145274 0.0
1.7804173827628595e-73 161.47057021727713 -20.10366464 -4.65377532 -162.0603735282697 0.0
6.786703117431455e-73 159.86422754094667 -20.11152885 -4.61138248 -161.47057021727713 0.0
1.56843053454162e-72 159.2750967509105 -21.83880307 -3.634967 -159.86422754094667 0.0
2.473442441295777e-72 158.8854350857822 -23.20541621 -3.82611571 -159.2750967509105 0.0
4.038261624753897e-72 158.31682993067088 -22.34097108 -4.24260151 -158.8854350857822 0.0
6.107248810432686e-72 157.98573064955733 -21.59096296 -4.59827583 -158.31682993067088 0.0
3.108637715126182e-71 155.92739898779178 -23.52895305 -3.64924052 -157.98573064955733 0.0
2.8856947016987663e-70 153.66849253295504 -20.15035684 -4.46883203 -155.92739898779178 0.0
9.916905081621977e-70 152.62696891944668 -20.09769913 -4.37748204 -153.66849253295504 0.0
1.4642278864424042e-69 152.60956840969718 -20.43049338 -4.716029 -152.62696891944668 0.0
1.5234821855621178e-69 152.52926323603802 -20.54521895 -4.78511621 -152.60956840969718 0.0
4.645635994117759e-69 150.93554076393167 -20.23004935 -4.48600132 -152.52926323603802 0.0
8.721742388434716e-69 150.68757008732928 -20.56822963 -4.76444088 -150.93554076393167 0.0
2.3439076778162737e-68 149.34405230775758 -23.47331285 -3.63625653 -150.68757008732928 0.0
2.969768792442387e-67 146.6269829598159 -23.01476327 -3.84386665 -149.34405230775758 0.0
5.749304203246278e-67 146.54587688051436 -23.87475013 -3.42649019 -146.6269829598159 0.0
5.946556936361773e-67 146.53798667035392 -20.42448922 -4.58450865 -146.54587688051436 0.0
6.247072281046541e-67 146.43025947424718 -20.3489242 -4.50727424 -146.53798667035392 0.0
7.027664068360611e-67 146.28497544859087 -21.37437362 -4.61551972 -146.43025947424718 0.0
8.082264447766932e-67 146.131345870041 -21.40634532 -4.60158235 -146.28497544859087 0.0
9.228355208287771e-67 145.9983793495926 -21.98150116 -4.34152817 -146.131345870041 0.0
1.588164487406022e-66 145.1830453455467 -21.65749498 -4.48755455 -145.9983793495926 0.0
2.804377729093489e-66 144.7303022277669 -21.53150809 -4.54066537 -145.1830453455467 0.0
3.5776345271194583e-66 144.62791184583693 -22.66632379 -4.00335795 -144.7303022277669 0.0
4.052557947538732e-66 144.46510786494238 -20.18929015 -4.26111764 -144.62791184583693 0.0
8.805211280435425e-66 143.34693509633385 -21.40860418 -4.58433599 -144.46510786494238 0.0
2.0383903321662047e-65 142.60384989529973 -20.99618733 -3.66706817 -143.34693509633385 0.0
3.6739311676436025e-65 142.081341803853 -21.90556428 -4.35716153 -142.60384989529973 0.0
6.2953846379017414e-65 141.5177333718192 -20.23957362 -4.2455554 -142.081341803853 0.0
1.671544727719691e-64 140.35206671026754 -20.19680572 -4.16468904 -141.5177333718192 0.0
9.638627568739147e-64 138.45904846479553 -20.54024972 -4.5340069 -140.35206671026754 0.0
1.6823177688770077e-63 138.43108418452178 -20.00224246 -3.91893201 -138.45904846479553 0.0
2.387168978927172e-63 137.82851303184427 -20.76387661 -4.66160333 -138.43108418452178 0.0
4.885477007169508e-63 137.0407307278629 -22.18634911 -4.20000576 -137.82851303184427 0.0
8.496336188602051e-63 136.59897477757224 -20.62124415 -3.54619031 -137.0407307278629 0.0
1.5364006670718922e-62 135.90553137232075 -21.51929459 -3.66917199 -136.59897477757224 0.0
5.684458753698834e-62 134.37844820284465 -20.92719619 -4.6519051 -135.90553137232075 0.0
1.226206306682816e-61 133.87656180295934 -21.249627 -4.58907835 -134.37844820284465 0.0
2.341289850892948e-61 133.13655839113233 -20.6618294 -4.54631384 -133.87656180295934 0.0
3.193926835851804e-61 133.10197473933908 -20.18229991 -3.97498205 -133.13655839113233 0.0
3.9206326198758624e-61 132.7390961415255 -21.65780352 -4.4253704 -133.10197473933908 0.0
4.59305513822203e-61 132.73275818095766 -20.61993537 -3.57753575 -132.7390961415255 0.0
4.8436997902155605e-61 132.61630687411042 -22.4474188 -4.05494349 -132.73275818095766 0.0
5.5102764865680486e-61 132.45786657922915 -23.71104572 -3.44012638 -132.61630687411042 0.0
1.0046921122867109e-60 131.57689428964093 -20.4818084 -4.33858165 -132.45786657922915 0.0
1.9314605320437982e-60 131.01942293332897 -21.8522025 -3.65372758 -131.57689428964093 0.0
2.478553132816272e-60 130.9818417858449 -20.9851665 -4.62382314 -131.01942293332897 0.0
2.5279356725095715e-60 130.95983417953323 -23.52206014 -3.52558685 -130.9818417858449 0.0
3.283214695531436e-60 130.49298039831768 -21.83062637 -4.3384693 -130.95983417953323 0.0
7.413112676590933e-60 129.49594098951763 -20.08264209 -3.78546144 -130.49298039831768 0.0
1.192928182474649e-59 129.2930041229368 -20.92038604 -4.60815872 -129.49594098951763 0.0
1.4622692175002268e-59 129.07091108207518 -20.67385804 -4.49599675 -129.2930041229368 0.0
1.9242713238730568e-59 128.7390836322814 -20.32635839 -4.01913978 -129.07091108207518 0.0
4.341058009467271e-59 127.66969708779119 -21.5214498 -4.45951793 -128.7390836322814 0.0
6.414078437945079e-59 127.66520342583149 -20.05197624 -3.70846724 -127.66969708779119 0.0
1.1256732625781589e-58 126.73415789352518 -21.44496083 -4.48487369 -127.66520342583149 0.0
1.9010065201727793e-58 126.41357397120515 -20.0559827 -3.09184117 -126.73415789352518 0.0
2.387749513311384e-58 126.24023923958799 -20.29644735 -3.33606641 -126.41357397120515 0.0
4.5565520143118136e-58 125.3049139185776 -20.88706394 -4.56605369 -126.24023923958799 0.0
8.330572070439348e-58 124.85305102716876 -20.15429189 -3.21471976 -125.3049139185776 0.0
1.4683919729879585e-57 124.20420818483899 -21.39830255 -4.49001091 -124.85305102716876 0.0
2.3574630180111948e-57 123.81961344285641 -20.25702368 -3.81073713 -124.20420818483899 0.0
2.786835345793683e-57 123.81292486711472 -21.43228574 -3.68684953 -123.81961344285641 0.0
3.6249836670926955e-57 123.33126281293161 -20.55250357 -4.25958506 -123.81292486711472 0.0
5.839952711615033e-57 122.84126446777114 -20.18673424 -3.70504986 -123.33126281293161 0.0
1.3680597998256938e-56 121.80612552702665 -20.04774318 -3.53244105 -122.84126446777114 0.0
2.0288316806953786e-56 121.77673780124854 -20.48591401 -4.0674152 -121.80612552702665 0.0
2.9446354303771095e-56 121.14049737339165 -20.23016584 -3.68590985 -121.77673780124854 0.0
3.9091486265395864e-56 121.09123631703875 -20.16961383 -3.62380152 -121.14049737339165 0.0
4.436948863016329e-56 120.87803741749556 -20.02894109 -3.16812081 -121.09123631703875 0.0
4.930659091422101e-56 120.84919025768308 -20.02964073 -3.4744446 -120.87803741749556 0.0
5.696330958278079e-56 120.58643956944448 -20.28289312 -3.43324039 -120.84919025768308 0.0
9.060322476255043e-56 119.97573944902184 -20.44766409 -3.88094973 -120.58643956944448 0.0
1.426146447574606e-55 119.6021015107801 -20.07890575 -3.46615895 -119.97573944902184 0.0
1.700513971741626e-55 119.56949533282999 -20.18106989 -3.56910379 -119.6021015107801 0.0
1.8390788952071085e-55 119.43011897812195 -20.41602111 -3.59206489 -119.56949533282999 0.0
2.116839457084289e-55 119.26983908628765 -20.40564862 -3.78826953 -119.43011897812195 0.0
2.7355227667705574e-55 118.92123462747675 -20.10236184 -3.34108213 -119.26983908628765 0.0
4.316725082873102e-55 118.37977674845015 -20.4444862 -3.75213411 -118.92123462747675 0.0
6.0167573775012565e-55 118.17525432583957 -22.66196198 -3.89634264 -118.37977674845015 0.0
7.847360377102183e-55 117.84527791568362 -22.98101612 -3.73979424 -118.17525432583957 0.0
9.398014500892377e-55 117.76906448360657 -20.56722476 -3.78336991 -117.84527791568362 0.0
1.780092102856198e-54 116.78111214552021 -22.69774314 -3.87418327 -117.76906448360657 0.0
2.892375276496582e-54 116.55626074344511 -20.74560058 -4.37895868 -116.78111214552021 0.0
9.194811568789852e-54 114.9928651245077 -22.88702919 -3.7760242 -116.55626074344511 0.0
1.9822789091127534e-53 114.50218298667168 -23.72508263 -3.36697507 -114.9928651245077 0.0
1.2140253942067817e-52 112.30801458822624 -21.31513133 -4.4602881 -114.50218298667168 0.0
4.1412263367441085e-52 111.26800526561817 -21.10325249 -4.48536858 -112.30801458822624 0.0
6.466648167466701e-52 111.14173464902584 -23.05547387 -3.23382171 -111.26800526561817 0.0
8.507894547619349e-52 110.7362699271969 -20.63410448 -4.01740269 -111.14173464902584 0.0
1.0667329975066712e-51 110.6313787601083 -23.01036067 -3.70174701 -110.7362699271969 0.0
1.507451823154841e-51 110.09346274475955 -22.91236236 -3.74782887 -110.6313787601083 0.0
6.419479586007719e-51 108.33340735233745 -20.70603665 -4.1829364 -110.09346274475955 0.0
1.6275631280427225e-50 107.63964252922304 -23.62679894 -3.39262071 -108.33340735233745 0.0
2.6512800838588717e-50 107.25614480762599 -22.80633247 -3.79062608 -107.63964252922304 0.0
4.7823780033912615e-50 106.53180331432098 -20.84239792 -3.8200464 -107.25614480762599 0.0
6.818882214291465e-50 106.402508598834 -22.32454464 -4.02074977 -106.53180331432098 0.0
9.19832407538201e-50 105.95805774513282 -20.92421108 -4.39346445 -106.402508598834 0.0
2.0280179721166124e-49 104.98176424317994 -20.92379344 -3.79721056 -105.95805774513282 0.0
4.252079590193903e-49 104.33186010029465 -21.6616355 -4.31121799 -104.98176424317994 0.0
7.804989481629173e-49 103.73200627656479 -20.77853297 -3.88777594 -104.33186010029465 0.0
1.0371324597676693e-48 103.65619392813814 -20.72792537 -3.97374767 -103.73200627656479 0.0
1.545877818796406e-48 103.01383467851576 -20.79068647 -4.21868753 -103.65619392813814 0.0
2.11622270000773e-48 102.90950158492282 -20.73435708 -3.98285612 -103.01383467851576 0.0
3.115739896913122e-48 102.30696736637756 -21.1094903 -3.75998539 -102.90950158492282 0.0
4.5910833717506473e-48 102.04233733373258 -21.85927649 -4.22113514 -102.30696736637756 0.0
5.564045990728832e-48 101.89091776229782 -23.41420246 -3.47837071 -102.04233733373258 0.0
6.08180468775195e-48 101.83942119717821 -20.74167301 -4.01521286 -101.89091776229782 0.0
1.5439599092913846e-47 100.45328075090012 -20.86881592 -4.28098993 -101.83942119717821 0.0
2.8122489976726465e-47 100.19118263555498 -20.97291938 -4.36585803 -100.45328075090012 0.0
3.658988718366301e-47 99.90960671155993 -22.05111737 -4.12878133 -100.19118263555498 0.0
3.165908787307085e-46 97.24702215828016 -21.63506842 -4.29677435 -99.90960671155993 0.0
6.832972208287781e-46 96.96036657758859 -20.83305582 -4.17147291 -97.24702215828016 0.0
9.735148386377534e-46 96.54210324400691 -21.25839118 -3.75003586 -96.96036657758859 0.0
9.160787613266364e-45 93.85020848955561 -21.42356123 -3.73325894 -96.54210324400691 0.0
3.503023291926066e-44 92.71114440701379 -20.88775523 -4.18527327 -93.85020848955561 0.0
1.078712040093006e-43 91.57787612815827 -22.48799157 -3.49587698 -92.71114440701379 0.0
1.7015243958524876e-43 91.47703727165853 -20.91505624 -4.20707794 -91.57787612815827 0.0
6.4566856321117175e-43 89.63687486185421 -23.85636921 -3.22941428 -91.47703727165853 0.0
2.3653687451472952e-42 88.44671201601528 -22.6516202 -3.81191205 -89.63687486185421 0.0
7.235169149345522e-42 87.33845276997079 -21.48867997 -4.3100243 -88.44671201601528 0.0
1.3609968030129432e-41 86.91507282056057 -23.57632243 -3.35791457 -87.33845276997079 0.0
9.201716284296298e-41 84.58290873504598 -22.57451262 -3.83884664 -86.91507282056057 0.0
2.31783530628101e-40 84.00007822184509 -21.02511495 -4.23660489 -84.58290873504598 0.0
4.330623217192965e-40 83.33705058272157 -20.98867087 -3.90963422 -84.00007822184509 0.0
8.178707403592005e-40 82.7002863308966 -21.06236785 -4.25553536 -83.33705058272157 0.0
1.252057764220386e-39 82.38977908785672 -23.62896382 -3.32053986 -82.7002863308966 0.0
1.581879886278908e-39 82.19791591941646 -21.03395494 -3.88047355 -82.38977908785672 0.0
1.7266214430304807e-38 79.24698770113301 -22.10945813 -4.04315117 -82.19791591941646 0.0
4.028165128683074e-38 78.85527072490356 -21.39115228 -3.76771505 -79.24698770113301 0.0
2.1497582944170905e-37 76.77166441661836 -21.93181629 -4.11434524 -78.85527072490356 0.0
4.931461027397529e-37 76.29834804474899 -22.2497307 -3.59537897 -76.77166441661836 0.0
7.448664581384431e-37 75.90911225747767 -21.44169031 -4.27695809 -76.29834804474899 0.0
9.106068783582367e-37 75.84018290003414 -21.4159352 -4.28101784 -75.90911225747767 0.0
2.4466114320375198e-36 74.39407121141141 -21.31902184 -4.28189241 -75.84018290003414 0.0
2.43980454537223e-35 71.95663422072667 -23.29741718 -3.13856574 -74.39407121141141 0.0
1.1312366723753053e-34 70.54755862764573 -21.75196755 -4.1681199 -71.95663422072667 0.0
4.704485464374212e-34 69.10613233887935 -22.6264086 -3.7746823 -70.54755862764573 0.0
8.717158008878294e-34 68.83286762153871 -21.07652054 -4.05100355 -69.10613233887935 0.0
1.020938700899076e-33 68.75317955288853 -21.09011545 -4.09847357 -68.83286762153871 0.0
2.1598691086905474e-33 67.61862404738478 -21.45345876 -4.2415215 -68.75317955288853 0.0
1.2298495206930644e-32 65.73149908707225 -21.11124343 -4.07551682 -67.61862404738478 0.0
2.4194022135339966e-32 65.47845775952891 -23.74506775 -3.22223266 -65.73149908707225 0.0
4.4121410449977594e-32 64.6578008814445 -21.12531947 -4.08792374 -65.47845775952891 0.0
6.345070761190828e-32 64.57000075932413 -21.23457486 -3.86439154 -64.6578008814445 0.0
7.063160107377436e-32 64.4266761116974 -21.7305676 -4.15730737 -64.57000075932413 0.0
9.827635042455564e-32 63.94241954480042 -22.05633987 -4.02615889 -64.4266761116974 0.0
5.179332470397527e-31 61.913930683752845 -21.50660583 -3.78254818 -63.94241954480042 0.0
9.478851531387019e-31 61.82632000383185 -22.81874741 -3.3708519 -61.913930683752845 0.0
1.0085340042038e-30 61.76889652634476 -23.11506578 -3.23234722 -61.82632000383185 0.0
1.0944195720395647e-30 61.645920759121424 -21.32612485 -4.21399308 -61.76889652634476 0.0
1.2989503007539134e-30 61.415766458124594 -21.36915442 -4.21781531 -61.645920759121424 0.0
2.1759114935527994e-30 60.70481292445958 -22.59592316 -3.76893886 -61.415766458124594 0.0
2.904677704174484e-30 60.69435476435257 -22.2776353 -3.91863115 -60.70481292445958 0.0
6.413286775310565e-30 59.45981632727042 -21.1663199 -3.99002491 -60.69435476435257 0.0
1.0968619665109721e-29 59.252786909623374 -23.77032512 -2.91697505 -59.45981632727042 0.0
2.0570449549542684e-29 58.36321950053168 -21.89076418 -3.71452833 -59.252786909623374 0.0
3.748577338116554e-29 57.89528786970679 -21.19526988 -4.09729145 -58.36321950053168 0.0
9.311299092289588e-29 56.77034394479798 -21.97155428 -3.69665004 -57.89528786970679 0.0
5.662417595808242e-28 54.8051653674745 -22.96290041 -3.57780018 -56.77034394479798 0.0
2.8281773171190227e-27 53.24670587229532 -23.12974468 -3.49298429 -54.8051653674745 0.0
7.07249793689625e-27 52.52531153898034 -22.20255771 -3.63135793 -53.24670587229532 0.0
1.1209898695646834e-26 52.20396789187926 -21.554141 -3.79424727 -52.52531153898034 0.0
2.3789716146557833e-26 51.211536210416675 -21.24773567 -4.06930663 -52.20396789187926 0.0
4.0912210351261786e-26 50.888887493905735 -22.50848547 -3.78704652 -51.211536210416675 0.0
5.290099399452271e-26 50.664316591293854 -22.4720244 -3.80370316 -50.888887493905735 0.0
6.758640880324392e-26 50.38577027986153 -21.29956255 -3.90923781 -50.664316591293854 0.0
9.582295653961961e-26 49.96983323228646 -22.93546341 -3.57981687 -50.38577027986153 0.0
1.2201592793801277e-25 49.84360883002605 -22.63180738 -3.7259332 -49.96983323228646 0.0
1.4383682832979844e-25 49.628447545800825 -21.25311122 -3.9940491 -49.84360883002605 0.0
2.0567836719382998e-25 49.15290012856048 -22.21552803 -3.91814339 -49.628447545800825 0.0
7.872266490847733e-25 47.49116033999295 -21.44192433 -4.15063147 -49.15290012856048 0.0
1.3456580360874162e-24 47.43842021565554 -22.58159895 -3.7441608 -47.49116033999295 0.0
4.661421647489391e-24 45.67752663045557 -21.37229674 -3.88563995 -47.43842021565554 0.0
8.479321205512429e-24 45.535127856590144 -22.78931713 -3.64014388 -45.67752663045557 0.0
1.4418851951373973e-23 44.74349248681582 -21.93894934 -4.02363007 -45.535127856590144 0.0
2.1252829184547145e-23 44.59228671214693 -21.87741777 -4.04654398 -44.74349248681582 0.0
2.6995936696567325e-23 44.2659890765667 -22.56224449 -3.74578805 -44.59228671214693 0.0
3.9505921666313914e-23 43.83124125864236 -22.20608662 -3.90899524 -44.2659890765667 0.0
6.54375851132631e-23 43.268153445068435 -23.93509519 -2.84858964 -43.83124125864236 0.0
4.400087417128223e-22 41.00029919395941 -21.59900449 -3.81078353 -43.268153445068435 0.0
1.322744197786428e-21 40.14563150760482 -21.69708855 -3.78722862 -41.00029919395941 0.0
2.2833155766201993e-21 39.75010389139151 -23.14833297 -3.45245088 -40.14563150760482 0.0
7.024683650204497e-21 38.31513602156065 -21.36098378 -4.02388569 -39.75010389139151 0.0
1.2222165029159954e-20 38.153240216553 -23.61423264 -3.00947133 -38.31513602156065 0.0
6.654031514073775e-20 35.936707380300426 -23.61576875 -3.21564699 -38.153240216553 0.0
1.3738164422516763e-19 35.66473439062664 -22.99339564 -3.51810816 -35.936707380300426 0.0
2.02356379597356e-19 35.18162563276115 -21.50157437 -4.08825688 -35.66473439062664 0.0
3.129527519868498e-19 34.75926900198845 -21.4387845 -3.90978482 -35.18162563276115 0.0
3.8656693374852044e-19 34.695952731973435 -21.40242875 -4.02802448 -34.75926900198845 0.0
4.372038792221786e-19 34.50160501171706 -23.4803273 -3.27823609 -34.695952731973435 0.0
5.144145523983255e-19 34.34731028886782 -23.26173243 -3.38444192 -34.50160501171706 0.0
6.590289299451474e-19 34.00879498947954 -21.41154625 -4.02977349 -34.34731028886782 0.0
9.324587725303737e-19 33.63881085134551 -21.88443957 -4.01177906 -34.00879498947954 0.0
1.3230405308276743e-18 33.28608409285192 -21.46349684 -4.06407916 -33.63881085134551 0.0
1.5614615535405286e-18 33.2568009236169 -23.16801793 -3.4274693 -33.28608409285192 0.0
1.8188324078209093e-18 32.979927862498954 -23.62536439 -3.20391592 -33.2568009236169 0.0
2.6453910242357606e-18 32.52079295156224 -22.69638019 -3.45122032 -32.979927862498954 0.0
4.2899731919552555e-18 32.00631422026707 -21.96174162 -3.73208306 -32.52079295156224 0.0
5.3723714311592874e-18 31.985567105028803 -22.89012956 -3.55926009 -32.00631422026707 0.0
6.7300213370720674e-18 31.57711058283526 -22.84358426 -3.38508914 -31.985567105028803 0.0
9.324766715319233e-18 31.29226832536669 -22.10273267 -3.68928873 -31.57711058283526 0.0
1.0550785868277591e-17 31.289942900544766 -22.37074253 -3.5913932 -31.29226832536669 0.0
2.167523900858135e-17 30.144125202973957 -21.78898238 -3.78449469 -31.289942900544766 0.0
3.589782775604627e-17 29.957980459541574 -22.59973656 -3.69325607 -30.144125202973957 0.0
6.249953936358679e-17 29.161269404688625 -23.41633301 -3.11461727 -29.957980459541574 0.0
1.0714091617719526e-16 28.74787214971989 -21.56038804 -4.05670803 -29.161269404688625 0.0
1.472546316936992e-16 28.480700857768305 -21.49250913 -4.03386248 -28.74787214971989 0.0
2.1384948357805838e-16 28.01719606914198 -23.24773306 -3.19743512 -28.480700857768305 0.0
2.9279286104342873e-16 27.791847760002284 -22.3350442 -3.81026344 -28.01719606914198 0.0
3.7558811184162625e-16 27.50681399794942 -21.60200294 -3.85407682 -27.791847760002284 0.0
4.749351763301472e-16 27.293670111921518 -22.48225624 -3.55062368 -27.50681399794942 0.0
5.810406675363632e-16 27.08333248861437 -21.67465635 -3.82760524 -27.293670111921518 0.0
7.3856124984259e-16 26.802600920132825 -22.08308058 -3.9161739 -27.08333248861437 0.0
8.721791563067965e-16 26.713209054506333 -21.60172403 -4.04740628 -26.802600920132825 0.0
9.996604156395539e-16 26.517428845114217 -22.22080094 -3.85742124 -26.713209054506333 0.0
1.3424256733502187e-15 26.1311741347396 -21.69303596 -3.82429606 -26.517428845114217 0.0
1.6965566467066478e-15 25.99672996898356 -22.47404542 -3.55573996 -26.1311741347396 0.0
4.607475640731955e-15 24.5758361803078 -21.50682807 -3.95243997 -25.99672996898356 0.0
9.29420167640971e-15 24.15096466460523 -23.6042741 -3.19241574 -24.5758361803078 0.0
1.206183603706487e-14 23.995840449958678 -21.52347854 -3.93230975 -24.15096466460523 0.0
1.3604539972185034e-14 23.887284522587528 -21.90048053 -3.97531032 -23.995840449958678 0.0
1.8671746977177672e-14 23.39884005549915 -23.49982162 -3.24141244 -23.887284522587528 0.0
3.746590843570014e-14 22.57900893421865 -22.91056565 -3.36455109 -23.39884005549915 0.0
5.697888484741038e-14 22.386194948943515 -23.77180994 -3.10627521 -22.57900893421865 0.0
6.852290075478873e-14 22.190420475848043 -22.41661537 -3.75821193 -22.386194948943515 0.0
7.86308104817232e-14 22.08434795363209 -21.54455765 -3.93202537 -22.190420475848043 0.0
8.503565197773408e-14 22.01238856581751 -21.54181477 -3.98557813 -22.08434795363209 0.0
1.1339125226054625e-13 21.54234082431353 -23.73932205 -3.11988782 -22.01238856581751 0.0
1.386189880366025e-13 21.53599324027872 -22.50650862 -3.7150234 -21.54234082431353 0.0
1.4245138832540607e-13 21.469008168458036 -23.23663533 -3.36466537 -21.53599324027872 0.0
1.5109720248895658e-13 21.398373014580233 -23.07324178 -3.44392561 -21.469008168458036 0.0
2.897307388273734e-13 20.389942151777735 -21.57782602 -3.91395597 -21.398373014580233 0.0
4.554834844038608e-13 20.235477352747488 -22.87051343 -3.53887479 -20.389942151777735 0.0
6.577540793420634e-13 19.699986388196344 -22.75749346 -3.59163159 -20.235477352747488 0.0
1.0862901624873085e-12 19.202572322303393 -22.64919203 -3.64173781 -19.699986388196344 0.0
1.406055514584266e-12 19.10518806557306 -21.64036796 -4.00178148 -19.202572322303393 0.0
1.8118946661220504e-12 18.711610504641882 -22.77751563 -3.57934449 -19.10518806557306 0.0
2.165909771816993e-12 18.689990992394964 -21.74832874 -3.99466987 -18.711610504641882 0.0
2.323247389840654e-12 18.55583797675477 -23.24508542 -3.35274578 -18.689990992394964 0.0
2.9123839684272996e-12 18.238632450294926 -21.59120301 -3.92940678 -18.55583797675477 0.0
3.984272842298892e-12 17.91086074749416 -23.24649021 -3.21103058 -18.238632450294926 0.0
5.034023267452046e-12 17.732229863480637 -22.36869694 -3.76724929 -17.91086074749416 0.0
6.054704492867817e-12 17.52452709397484 -23.98897029 -2.85047094 -17.732229863480637 0.0
6.877866206400443e-12 17.448078392969343 -21.63904521 -3.98791146 -17.52452709397484 0.0
7.223072460434639e-12 17.40567133981748 -22.3687581 -3.7662553 -17.448078392969343 0.0
7.440081474708563e-12 17.36886407249211 -22.42882143 -3.5873963 -17.40567133981748 0.0
8.172407194805158e-12 17.204421344671996 -21.6772494 -3.86778202 -17.36886407249211 0.0
8.839553329262512e-12 17.185355846890715 -23.2555522 -3.2077554 -17.204421344671996 0.0
8.99592410309323e-12 17.149677529126233 -21.6138849 -3.91574225 -17.185355846890715 0.0
9.312154836650474e-12 17.09673964716469 -23.72611375 -2.9791836 -17.149677529126233 0.0
9.689456854568107e-12 17.050182480535746 -21.80058564 -3.97717856 -17.09673964716469 0.0
1.3009298197584356e-11 16.54915636120274 -21.64155816 -3.97979926 -17.050182480535746 0.0
1.6251709147407256e-11 16.523270693103832 -21.99094907 -3.91893048 -16.54915636120274 0.0
1.7245952990053442e-11 16.413348537461193 -23.22887063 -3.35467254 -16.523270693103832 0.0
2.546920159972989e-11 15.81017445498906 -23.94722913 -2.87343495 -16.413348537461193 0.0
3.3365328773675354e-11 15.764271391276347 -22.9431458 -3.49140934 -15.81017445498906 0.0
4.289157001431549e-11 15.333473390691166 -23.68921262 -2.99996647 -15.764271391276347 0.0
5.351520364095816e-11 15.257201419442778 -22.84735916 -3.40492513 -15.333473390691166 0.0
6.610479957824001e-11 14.918167092544524 -23.27023528 -3.33023426 -15.257201419442778 0.0
9.10293054553397e-11 14.594842623614754 -21.93894366 -3.7751533 -14.918167092544524 0.0
1.2222075153239567e-10 14.304020387441984 -21.66652755 -3.96349819 -14.594842623614754 0.0
1.4552571651908447e-10 14.207167913102454 -22.23743032 -3.66976461 -14.304020387441984 0.0
1.5160882762175605e-10 14.199887025344532 -21.75736012 -3.84445775 -14.207167913102454 0.0
1.8918774050661916e-10 13.786751812470994 -23.60816565 -3.16218928 -14.199887025344532 0.0
2.455886787244768e-10 13.622515574726576 -23.49976769 -3.21455114 -13.786751812470994 0.0
4.2428089936590897e-10 12.822538369491916 -23.50163375 -3.21121176 -13.622515574726576 0.0
6.776819004960821e-10 12.531284701298075 -22.76946308 -3.56505949 -12.822538369491916 0.0
8.31972501141969e-10 12.377192535960999 -21.93481102 -3.78315705 -12.531284701298075 0.0
9.297818739185547e-10 12.28526450037375 -23.57649569 -3.17304776 -12.377192535960999 0.0
9.913422997753521e-10 12.22778601972148 -22.30848814 -3.7766054 -12.28526450037375 0.0
1.3749064081909083e-09 11.683532535322412 -21.68887022 -3.92333542 -12.22778601972148 0.0
1.9433747542643534e-09 11.455607435171618 -23.51985494 -3.08942328 -11.683532535322412 0.0
2.1669994723343124e-09 11.432965679293787 -23.35076136 -3.17163558 -11.455607435171618 0.0
2.2573319102802183e-09 11.355402130803393 -21.77777646 -3.84999956 -11.432965679293787 0.0
3.873031307035018e-09 10.50674926558048 -21.8977003 -3.92314153 -11.355402130803393 0.0
5.60169879533637e-09 10.424242217005196 -22.89664307 -3.49732807 -10.50674926558048 0.0
6.294953714868579e-09 10.258638728366336 -23.70999705 -3.10145088 -10.424242217005196 0.0
7.3997672461433965e-09 10.081892450436584 -21.7342839 -3.93298561 -10.258638728366336 0.0
9.209691532868922e-09 9.811540010292386 -21.8396238 -3.93182828 -10.081892450436584 0.0
1.0721750837651652e-08 9.740982664064314 -23.43692448 -3.13330565 -9.811540010292386 0.0
1.1232028968233542e-08 9.697869747506328 -23.913241 -3.00054841 -9.740982664064314 0.0
1.1456866264270799e-08 9.681048499921657 -23.51547909 -3.19434606 -9.697869747506328 0.0
1.2180854275199987e-08 9.559063765959626 -22.0071456 -3.8858593 -9.681048499921657 0.0
1.3161543450152587e-08 9.503338684132256 -22.40258665 -3.72549648 -9.559063765959626 0.0
1.3427029996008292e-08 9.498451581172896 -22.98973331 -3.4493167 -9.503338684132256 0.0
1.3925553415766364e-08 9.412372504658524 -21.73930277 -3.89583355 -9.498451581172896 0.0
1.5444689727476388e-08 9.274376613741163 -22.35664126 -3.74507413 -9.412372504658524 0.0
1.8341631618297114e-08 9.055816910428076 -22.18953143 -3.70033476 -9.274376613741163 0.0
2.2347210609680818e-08 8.857334128039623 -22.65465539 -3.60715021 -9.055816910428076 0.0
2.5200775039160993e-08 8.786974404331476 -22.8555798 -3.41390142 -8.857334128039623 0.0
2.601228360717994e-08 8.772857672336642 -21.8040041 -3.85353572 -8.786974404331476 0.0
2.6862505370081593e-08 8.703887722387632 -21.84152549 -3.83508272 -8.772857672336642 0.0
2.806847860558137e-08 8.66432780009186 -23.26737058 -3.31168448 -8.703887722387632 0.0
2.8495302319369837e-08 8.653441360027603 -22.19912448 -3.80981217 -8.66432780009186 0.0
2.997250278496393e-08 8.546189579295838 -21.75586773 -3.91396415 -8.653441360027603 0.0
3.195183692264804e-08 8.503229133318772 -22.06723116 -3.86021288 -8.546189579295838 0.0
3.3662546393065265e-08 8.423119197735181 -23.74037398 -3.0803148 -8.503229133318772 0.0
4.6939761122140545e-08 7.887616252329759 -21.87877115 -3.82297351 -8.423119197735181 0.0
6.054083277206939e-08 7.8244593701271805 -23.79680212 -3.0506365 -7.887616252329759 0.0
6.189554798046303e-08 7.822459168370671 -21.94862465 -3.89541047 -7.8244593701271805 0.0
6.384334572306289e-08 7.744123234979309 -23.08127785 -3.39874481 -7.822459168370671 0.0
7.36435203032927e-08 7.527162185072827 -22.95810909 -3.36882534 -7.744123234979309 0.0
8.293280233189372e-08 7.475554307302022 -23.11771805 -3.38006758 -7.527162185072827 0.0
8.636968162983037e-08 7.425997582920497 -23.50941594 -3.18925119 -7.475554307302022 0.0
1.0339391114430137e-07 7.11873180215507 -23.06064217 -3.40637299 -7.425997582920497 0.0
1.2521347292985378e-07 7.002985575572645 -21.79121714 -3.89843478 -7.11873180215507 0.0
1.385595620619874e-07 6.895794384802174 -23.86161843 -3.0155243 -7.002985575572645 0.0
1.491871003918603e-07 6.83338547739519 -22.63094147 -3.61063328 -6.895794384802174 0.0
1.628446585515393e-07 6.703916764836422 -23.83083646 -2.94870455 -6.83338547739519 0.0
1.7758789155188632e-07 6.637076076538835 -22.98152942 -3.44274094 -6.703916764836422 0.0
1.8690362171240775e-07 6.5814188395589746 -22.95683141 -3.45443372 -6.637076076538835 0.0
2.1152435062739935e-07 6.379120748126848 -22.53745354 -3.65220845 -6.5814188395589746 0.0
2.386716544935195e-07 6.3109681138042815 -23.93433796 -2.8994393 -6.379120748126848 0.0
2.5000928365660924e-07 6.265751654188737 -23.13884758 -3.36508072 -6.3109681138042815 0.0
2.54770565959308e-07 6.252867171738605 -23.32836319 -3.27287031 -6.265751654188737 0.0
2.7274154857893373e-07 6.114284465819291 -23.20652368 -3.33158677 -6.252867171738605 0.0
3.31174627657337e-07 5.856494786581873 -22.85899078 -3.49850059 -6.114284465819291 0.0
3.7207795100948085e-07 5.844934006298198 -21.83835664 -3.86190731 -5.856494786581873 0.0
3.830521823750603e-07 5.779495378176195 -21.83303455 -3.86791404 -5.844934006298198 0.0
4.038749283657502e-07 5.719009438923327 -22.1042289 -3.8335249 -5.779495378176195 0.0
4.389993719797368e-07 5.595694014334942 -23.89376985 -2.92127701 -5.719009438923327 0.0
5.081509172029511e-07 5.411242102556873 -23.88711366 -2.92508657 -5.595694014334942 0.0
5.765195305384243e-07 5.31705526227426 -22.64552606 -3.51990303 -5.411242102556873 0.0
6.045876838143774e-07 5.294180294248087 -23.33082609 -3.26763686 -5.31705526227426 0.0
6.319533521399338e-07 5.210246740641097 -23.78309197 -3.04683946 -5.294180294248087 0.0
6.847371492384606e-07 5.114376897489704 -23.9199515 -2.91006876 -5.210246740641097 0.0
7.112746823772128e-07 5.112003316565381 -23.78586327 -3.04505459 -5.114376897489704 0.0
7.270763835835866e-07 5.051445788434723 -22.84411908 -3.42958303 -5.112003316565381 0.0
7.573482894573226e-07 5.010031348598107 -23.35670607 -3.25377874 -5.051445788434723 0.0
7.97591518575375e-07 4.92920255633897 -22.55864472 -3.63614062 -5.010031348598107 0.0
8.421383467432774e-07 4.880397779124028 -22.72325676 -3.48604 -4.92920255633897 0.0
8.757615111525679e-07 4.8310170331694255 -22.04618478 -3.8486929 -4.880397779124028 0.0
9.389635840626167e-07 4.723414941032009 -23.79763473 -3.03756151 -4.8310170331694255 0.0
9.852177205124128e-07 4.71208340307989 -23.00353157 -3.4239137 -4.723414941032009 0.0
9.988764055724462e-07 4.67626608145197 -23.77779506 -2.98072824 -4.71208340307989 0.0
1.1655273676991168e-06 4.402011518727589 -21.89596064 -3.84185911 -4.67626608145197 0.0
1.5283569826519431e-06 4.1159669239631045 -22.61767117 -3.60488827 -4.402011518727589 0.0
1.857097030700365e-06 3.976912499173841 -22.16330676 -3.72835106 -4.1159669239631045 0.0
1.998787706143752e-06 3.944446974576009 -21.88900633 -3.85845327 -3.976912499173841 0.0
2.1540707210276563e-06 3.8115250373774963 -21.91446434 -3.83832752 -3.944446974576009 0.0
2.310492181303177e-06 3.78017586950633 -21.89463615 -3.86131543 -3.8115250373774963 0.0
2.48431259197882e-06 3.650508308741278 -22.0973409 -3.75615433 -3.78017586950633 0.0
2.6379455743179572e-06 3.636117653846628 -23.7958455 -3.03312573 -3.650508308741278 0.0
2.6613013243581712e-06 3.6130591945671853 -23.53321874 -3.16106182 -3.636117653846628 0.0
2.665850686071743e-06 3.612668128951728 -23.30897359 -3.21295202 -3.6130591945671853 0.0
2.6423240223641126e-06 3.6108880309158105 -22.47381265 -3.66844469 -3.612668128951728 0.0
2.654685153150536e-06 3.5836181412877943 -22.63240387 -3.59530805 -3.6108880309158105 0.0
2.6726240267358105e-06 3.5773418909240515 -23.62710015 -3.11510649 -3.5836181412877943 0.0
2.822396478887576e-06 3.4582029226760924 -22.23443018 -3.70241028 -3.5773418909240515 0.0
3.0090518535908163e-06 3.426075452825044 -22.7142614 -3.55600452 -3.4582029226760924 0.0
3.1402140584603903e-06 3.35401041264036 -21.92903782 -3.86200665 -3.426075452825044 0.0
3.2613895401188662e-06 3.3293045706744135 -23.14111978 -3.35038497 -3.35401041264036 0.0
3.3850198289729026e-06 3.2607200481779386 -22.40090716 -3.69912159 -3.3293045706744135 0.0
3.5435208681166313e-06 3.2171799495409026 -23.30323888 -3.27094745 -3.2607200481779386 0.0
3.6152934748794148e-06 3.2003122052545554 -22.81185386 -3.50842363 -3.2171799495409026 0.0
3.7474992365466093e-06 3.1267300131397797 -23.10547085 -3.36656173 -3.2003122052545554 0.0
3.893246471987067e-06 3.1028910725926075 -22.52985014 -3.64017594 -3.1267300131397797 0.0
4.013450755485938e-06 3.046661555386249 -23.79685036 -3.02942848 -3.1028910725926075 0.0
4.1035361315894575e-06 3.037824271042325 -23.81005061 -3.02293933 -3.046661555386249 0.0
4.623143762201804e-06 2.8021439194798092 -23.42058825 -3.16234086 -3.037824271042325 0.0
5.117328476602654e-06 2.8009545171760624 -22.81346836 -3.50538063 -2.8021439194798092 0.0
5.149004662730913e-06 2.7701384902660795 -23.64588816 -3.10143944 -2.8009545171760624 0.0
5.440811974271254e-06 2.6729282213017362 -22.33501169 -3.72431495 -2.7701384902660795 0.0
5.661249880153553e-06 2.6684485459216525 -23.05566906 -3.38801957 -2.6729282213017362 0.0
5.8086977191986655e-06 2.6026803007982093 -23.8387105 -3.0063708 -2.6684485459216525 0.0
5.960240347931001e-06 2.595969161212263 -22.40791111 -3.6921225 -2.6026803007982093 0.0
6.111347338191832e-06 2.5336657406210454 -22.81080257 -3.50504248 -2.595969161212263 0.0
6.302190462160807e-06 2.513697898622333 -22.11153932 -3.75733452 -2.5336657406210454 0.0
6.372081593080631e-06 2.491728203277204 -22.06201949 -3.82657223 -2.513697898622333 0.0
6.519422090093005e-06 2.4484262239683217 -22.70979571 -3.5021377 -2.491728203277204 0.0
6.940903402899104e-06 2.3485587478575853 -23.36648721 -3.1909264 -2.4484262239683217 0.0
7.53706051178675e-06 2.263059562660504 -22.9519724 -3.39042217 -2.3485587478575853 0.0
7.796509362588228e-06 2.2591472165595854 -22.43666924 -3.62427939 -2.263059562660504 0.0
7.84327774614944e-06 2.2313863132068623 -23.54425432 -3.14756925 -2.2591472165595854 0.0
8.07651020619799e-06 2.1810804041138874 -23.15529197 -3.33656761 -2.2313863132068623 0.0
8.321766996168277e-06 2.151246085332347 -22.51213723 -3.64248118 -2.1810804041138874 0.0
8.469146203180675e-06 2.12600630739761 -22.20244395 -3.72267123 -2.151246085332347 0.0
8.512158992964413e-06 2.1210604616279713 -21.99335324 -3.81692762 -2.12600630739761 0.0
8.642540098293102e-06 2.076200744022862 -22.86646205 -3.4754326 -2.1210604616279713 0.0
9.041370503086533e-06 2.0114754327053785 -21.98657357 -3.82930288 -2.076200744022862 0.0
9.30020647884908e-06 1.9988411601452796 -23.25847784 -3.24524233 -2.0114754327053785 0.0
9.321919268875554e-06 1.9869066018743766 -23.38288096 -3.18503436 -1.9988411601452796 0.0
9.404339685973269e-06 1.9614613237547929 -22.85421665 -3.48050416 -1.9869066018743766 0.0
9.490577712355771e-06 1.9486287768415538 -22.91505867 -3.40962279 -1.9614613237547929 0.0
9.659401253100626e-06 1.906694722689679 -23.63380837 -3.06329561 -1.9486287768415538 0.0
9.882253419828184e-06 1.8828133073076734 -22.17470599 -3.73574761 -1.906694722689679 0.0
9.96020091694442e-06 1.87097317267692 -22.43365875 -3.67591258 -1.8828133073076734 0.0
9.981014154931113e-06 1.8587400902241598 -22.85567538 -3.43800315 -1.87097317267692 0.0
1.0035089804264034e-05 1.8403135276352596 -22.14030178 -3.75038508 -1.8587400902241598 0.0
1.0037221537895537e-05 1.838330717254613 -23.60614277 -3.11460407 -1.8403135276352596 0.0
9.981864807879883e-06 1.8314844196607325 -23.30679053 -3.22291116 -1.838330717254613 0.0
1.0119301035728422e-05 1.7914692807683166 -22.24368342 -3.70796218 -1.8314844196607325 0.0
1.0226401713950007e-05 1.7901275606488258 -23.56624584 -3.13368007 -1.7914692807683166 0.0
1.0174894251220406e-05 1.7816848711035354 -22.43001298 -3.67688796 -1.7901275606488258 0.0
1.044800861975177e-05 1.7182391323941277 -23.59844641 -3.08177935 -1.7816848711035354 0.0
1.0674072867966992e-05 1.7179654423877144 -22.32738281 -3.72100051 -1.7182391323941277 0.0
1.0570804834373699e-05 1.7177819890004136 -23.38304722 -3.18667601 -1.7179654423877144 0.0
1.0485238174092865e-05 1.7143228845380198 -23.46343235 -3.14761502 -1.7177819890004136 0.0
1.0688353664779308e-05 1.6602369170990336 -23.98828159 -2.89255908 -1.7143228845380198 0.0
1.09339247528503e-05 1.648295413912704 -22.90035373 -3.45601877 -1.6602369170990336 0.0
1.1094954434660319e-05 1.6114006306225215 -22.43904206 -3.62708367 -1.648295413912704 0.0
1.1403268117272383e-05 1.5735927200319522 -22.63653005 -3.5808832 -1.6114006306225215 0.0
1.1550831007241704e-05 1.5654444456438639 -23.9065036 -2.96583692 -1.5735927200319522 0.0
1.1629718114761915e-05 1.5402218100769658 -22.8262056 -3.45380292 -1.5654444456438639 0.0
1.1808003365946859e-05 1.5151146817602752 -22.31800404 -3.72335069 -1.5402218100769658 0.0
1.1862994347852488e-05 1.5108754866020828 -22.73375561 -3.53457368 -1.5151146817602752 0.0
1.1896433741970372e-05 1.489692042982763 -22.79095019 -3.50718772 -1.5108754866020828 0.0
1.2089011360459625e-05 1.4589819736462746 -22.30154503 -3.6862976 -1.489692042982763 0.0
1.2319428533926411e-05 1.4319765632753922 -23.28140482 -3.26944403 -1.4589819736462746 0.0
1.2466099672661042e-05 1.4152978145528843 -23.99819461 -2.88964026 -1.4319765632753922 0.0
1.2598339002052785e-05 1.3910492594783006 -23.22819217 -3.26403633 -1.4152978145528843 0.0
1.2639380856281093e-05 1.3887466346698927 -23.10630094 -3.35422845 -1.3910492594783006 0.0
1.3160099945256948e-05 1.2927080093007448 -23.14624752 -3.33393151 -1.3887466346698927 0.0
1.3769446499472513e-05 1.2760848947317742 -22.90369806 -3.45126442 -1.2927080093007448 0.0
1.3895870288049823e-05 1.2545747782567953 -22.06330495 -3.79319647 -1.2760848947317742 0.0
1.3906550954524308e-05 1.2545319116532077 -23.78125157 -3.02420787 -1.2545747782567953 0.0
1.3832349696103438e-05 1.24539496909112 -23.97673452 -2.90144198 -1.2545319116532077 0.0
1.3924467666103362e-05 1.2214783237586244 -23.97037617 -2.93132246 -1.24539496909112 0.0
1.4061298917213828e-05 1.205854912339431 -23.80921012 -2.98294503 -1.2214783237586244 0.0
1.4086694353274766e-05 1.1979235206687129 -23.25644825 -3.27937035 -1.205854912339431 0.0
1.4031487777446811e-05 1.193796298198971 -22.59117048 -3.56341072 -1.1979235206687129 0.0
1.3928589329189977e-05 1.1927397134778748 -22.76077796 -3.51900151 -1.193796298198971 0.0
1.3804636020768547e-05 1.1917736603935756 -22.05568271 -3.8010074 -1.1927397134778748 0.0
1.374726883051532e-05 1.1811954040150088 -23.48927455 -3.16579648 -1.1917736603935756 0.0
1.38726388709684e-05 1.1538750193620366 -22.07181997 -3.79069702 -1.1811954040150088 0.0
1.414099962957407e-05 1.1230262899695518 -22.82178981 -3.48918572 -1.1538750193620366 0.0
1.4221099982598244e-05 1.1224396963534184 -22.06204907 -3.80407079 -1.1230262899695518 0.0
1.4139156199469267e-05 1.1146981093011987 -23.03220191 -3.38755439 -1.1224396963534184 0.0
1.4155740123530933e-05 1.1002319281802495 -22.06305467 -3.80185775 -1.1146981093011987 0.0
1.4254065267181965e-05 1.080993768390806 -23.80783417 -2.98479659 -1.1002319281802495 0.0
1.4316113028736449e-05 1.0715738444441676 -23.54956973 -3.13525847 -1.080993768390806 0.0
1.4242442053411125e-05 1.0713895402180833 -22.31816893 -3.68237305 -1.0715738444441676 0.0
1.4219635388575527e-05 1.0549459722090386 -22.95880748 -3.42248588 -1.0713895402180833 0.0
1.4269517228424445e-05 1.0444452151041754 -22.16016245 -3.77986888 -1.0549459722090386 0.0
1.4293941572040478e-05 1.0316383845787283 -23.81334027 -3.00615697 -1.0444452151041754 0.0
1.4307607012181358e-05 1.0226127682860233 -22.77666794 -3.48077824 -1.0316383845787283 0.0
1.4320791290436571e-05 1.0099155361628833 -23.371668 -3.19808672 -1.0226127682860233 0.0
1.4382250673628379e-05 0.9941689173085164 -23.94600946 -2.94071385 -1.0099155361628833 0.0
1.4386024920648154e-05 0.9894337125872741 -23.72029427 -3.02837312 -0.9941689173085164 0.0
1.4446316399565043e-05 0.9660350851121492 -23.81845275 -3.00287096 -0.9894337125872741 0.0
1.45320900424356e-05 0.9575743781519603 -22.5206461 -3.59649379 -0.9660350851121492 0.0
1.4750516468009608e-05 0.9166966722670984 -23.10790525 -3.32622653 -0.9575743781519603 0.0
1.4928727553074534e-05 0.913240418354624 -22.89170793 -3.45334519 -0.9166966722670984 0.0
1.4910163521386301e-05 0.8993299678078887 -23.69134854 -3.04351765 -0.913240418354624 0.0
1.5030543063349642e-05 0.8773299019126504 -23.6451659 -3.08630927 -0.8993299678078887 0.0
1.5079574468748735e-05 0.8727998205070187 -23.82965431 -2.97651948 -0.8773299019126504 0.0
1.4987248334560864e-05 0.8697093283963311 -23.3566987 -3.22668371 -0.8727998205070187 0.0
1.4876207657291268e-05 0.8677708970803819 -23.71550326 -3.03212354 -0.8697093283963311 0.0
1.4775707142959179e-05 0.8633699938117303 -22.46828194 -3.62014465 -0.8677708970803819 0.0
1.4668827876064005e-05 0.8623851025768879 -23.87300343 -2.97480225 -0.8633699938117303 0.0
1.4838410533744533e-05 0.8209102290046684 -22.1614416 -3.75199509 -0.8623851025768879 0.0
1.5043578367127989e-05 0.8146002075685674 -23.38361978 -3.21277229 -0.8209102290046684 0.0
1.4949327860284664e-05 0.8135696265884571 -23.9579986 -2.91532749 -0.8146002075685674 0.0
1.4885066440993863e-05 0.8033411985475023 -23.37728305 -3.21569123 -0.8135696265884571 0.0
1.4833114559614155e-05 0.8006372505905611 -23.76249984 -3.01011284 -0.8033411985475023 0.0
1.474970216534492e-05 0.7947259672197473 -22.95580369 -3.39976142 -0.8006372505905611 0.0
1.4674971245789988e-05 0.79089049896259 -22.71508973 -3.53659712 -0.7947259672197473 0.0
1.4588087797694948e-05 0.7867022429712209 -22.57241719 -3.57526582 -0.79089049896259 0.0
1.4516618383919659e-05 0.7808165179397049 -22.15141329 -3.77864775 -0.7867022429712209 0.0
1.4419305337090473e-05 0.7802452653778364 -23.3371756 -3.2176462 -0.7808165179397049 0.0
1.428559149797616e-05 0.7795489266132339 -22.44011973 -3.66369941 -0.7802452653778364 0.0
1.4163363167564423e-05 0.7775312399271488 -22.10380526 -3.78811563 -0.7795489266132339 0.0
1.4080968142345026e-05 0.7713258008392772 -23.56399862 -3.10742592 -0.7775312399271488 0.0
1.4000031632549712e-05 0.7691511724100919 -22.93165828 -3.41140698 -0.7713258008392772 0.0
1.3885384816014085e-05 0.767869875696748 -22.11225672 -3.78772192 -0.7691511724100919 0.0
1.378631206532956e-05 0.763575938317289 -23.32988998 -3.23817383 -0.767869875696748 0.0
1.3731802139804551e-05 0.7559028312352534 -23.40054337 -3.18727811 -0.763575938317289 0.0
1.3729904623029558e-05 0.7439725276335768 -23.33627616 -3.23473709 -0.7559028312352534 0.0
1.3710849890244103e-05 0.7387509847359184 -22.13167867 -3.76785177 -0.7439725276335768 0.0
1.361188919733245e-05 0.7385527909387941 -23.90986319 -2.93964523 -0.7387509847359184 0.0
1.3482068573260798e-05 0.7380165207701217 -23.70350363 -3.05577791 -0.7385527909387941 0.0
1.3360511104699678e-05 0.7367666978189252 -23.30302161 -3.25083734 -0.7380165207701217 0.0
1.326796663546218e-05 0.7320227294473157 -23.57803662 -3.11680413 -0.7367666978189252 0.0
1.3212581383812713e-05 0.7252381088254298 -23.62849006 -3.0921256 -0.7320227294473157 0.0
1.3152857588521958e-05 0.7211756232519101 -22.90030307 -3.4467595 -0.7252381088254298 0.0
1.3054325330168913e-05 0.7203725231161002 -22.38397978 -3.65773723 -0.7211756232519101 0.0
1.2982723364427804e-05 0.7122911676361459 -22.41925579 -3.64272951 -0.7203725231161002 0.0
1.2908506764061823e-05 0.7119215055805933 -23.43613091 -3.18550592 -0.7122911676361459 0.0
1.2823490761375354e-05 0.705616068187286 -22.55331898 -3.58452043 -0.7119215055805933 0.0
1.2834284000384719e-05 0.6903862443250444 -22.67942025 -3.52845559 -0.705616068187286 0.0
1.2814200056665032e-05 0.6887902417399208 -23.83565845 -2.97634415 -0.6903862443250444 0.0
1.2739156764398142e-05 0.682242614708976 -22.40604269 -3.64870169 -0.6887902417399208 0.0
1.2707805858560879e-05 0.6738246192657329 -22.81274268 -3.48837866 -0.682242614708976 0.0
1.264276478319877e-05 0.6725873032074249 -23.583731 -3.09940048 -0.6738246192657329 0.0
1.261141608133671e-05 0.6589354789249517 -23.38054196 -3.19865489 -0.6725873032074249 0.0
1.2592300815864716e-05 0.6556764263836906 -23.37357467 -3.2020968 -0.6589354789249517 0.0
1.2502293461087706e-05 0.6533804326946495 -23.62879809 -3.07772566 -0.6556764263836906 0.0
1.242189931981726e-05 0.6486821956355477 -23.15328792 -3.30828047 -0.6533804326946495 0.0
1.2333688621920859e-05 0.6477275971911507 -23.29704557 -3.25209082 -0.6486821956355477 0.0
1.224298568935359e-05 0.6435481820628803 -22.81653216 -3.46652176 -0.6477275971911507 0.0
1.2163994882825381e-05 0.6407701521202527 -23.09282056 -3.33721817 -0.6435481820628803 0.0
1.2073692803001367e-05 0.6385496475242185 -23.33518938 -3.23326819 -0.6407701521202527 0.0
1.1978501659085493e-05 0.6366999581437589 -23.96840119 -2.91367632 -0.6385496475242185 0.0
1.1883304435992183e-05 0.6346074016517788 -22.76925595 -3.48833051 -0.6366999581437589 0.0
1.1791030261335644e-05 0.6323900935864222 -23.4038004 -3.19965799 -0.6346074016517788 0.0
1.1688588045131273e-05 0.632157744361167 -23.98480114 -2.91528515 -0.6323900935864222 0.0
1.1606955886054284e-05 0.6265142233173318 -22.12571217 -3.7766255 -0.632157744361167 0.0
1.1525453434832471e-05 0.626342391817047 -23.56920066 -3.10743656 -0.6265142233173318 0.0
1.14137810239913e-05 0.6260864598569303 -22.19931629 -3.76032806 -0.626342391817047 0.0
1.1308176595418809e-05 0.6250328522629199 -23.71774064 -3.03487838 -0.6260864598569303 0.0
1.1208910408110592e-05 0.6238199332462498 -23.47841701 -3.15180629 -0.6250328522629199 0.0
1.1114079449710532e-05 0.6221251622386144 -23.48763073 -3.14735489 -0.6238199332462498 0.0
1.1051929220001295e-05 0.6151461713862778 -23.17367678 -3.29918607 -0.6221251622386144 0.0
1.0986581292190563e-05 0.6140733260522683 -23.95469561 -2.92981121 -0.6151461713862778 0.0
1.0902138782070278e-05 0.6106794157512236 -23.74117119 -3.02378453 -0.6140733260522683 0.0
1.0813126916355795e-05 0.610566062392194 -23.32068151 -3.22865277 -0.6106794157512236 0.0
1.0733362431832557e-05 0.605592886668922 -22.60024151 -3.56487371 -0.610566062392194 0.0
1.0656472743487329e-05 0.6050380906005005 -23.8599391 -2.96636795 -0.605592886668922 0.0
1.0564016121939484e-05 0.6031209794925694 -22.69820895 -3.54223814 -0.6050380906005005 0.0
1.0520364222998718e-05 0.5934413177095086 -23.07985563 -3.34425222 -0.6031209794925694 0.0
1.0466827191249516e-05 0.5934006699201092 -22.79018958 -3.47931179 -0.5934413177095086 0.0
1.0366689288017023e-05 0.592767212374323 -23.99044612 -2.90466815 -0.5934006699201092 0.0
1.0270458554323976e-05 0.5921520821116623 -23.11157343 -3.34160789 -0.592767212374323 0.0
1.018537000235804e-05 0.5895067967458516 -23.79651133 -2.99741327 -0.5921520821116623 0.0
1.0136080987971704e-05 0.5819657758681974 -22.19707713 -3.73967006 -0.5895067967458516 0.0
1.0103123433388437e-05 0.5761140913623655 -22.85538684 -3.46628271 -0.5819657758681974 0.0
1.005086740642107e-05 0.5724313183081697 -22.59267203 -3.56862835 -0.5761140913623655 0.0
9.986373276578462e-06 0.5690877308618707 -23.61459245 -3.08663011 -0.5724313183081697 0.0
9.912827922141808e-06 0.5673122963047131 -23.26699059 -3.25560558 -0.5690877308618707 0.0
9.834466393371017e-06 0.5650604959816405 -23.81506405 -2.9974358 -0.5673122963047131 0.0
9.749638547377298e-06 0.5647363576647176 -23.4349944 -3.18264752 -0.5650604959816405 0.0
9.65672198653434e-06 0.5643117740583425 -22.25594262 -3.73856054 -0.5647363576647176 0.0
9.57795019597447e-06 0.5612193410682695 -23.85386856 -2.97054269 -0.5643117740583425 0.0
9.508699495102767e-06 0.5589230121865918 -23.08204331 -3.35531794 -0.5612193410682695 0.0
9.425819575094264e-06 0.5588262209812138 -23.50803261 -3.13908847 -0.5589230121865918 0.0
9.34069991382956e-06 0.5571660380882926 -23.912722 -2.94258541 -0.5588262209812138 0.0
9.259251290935011e-06 0.5564409924367842 -23.53952113 -3.13153725 -0.5571660380882926 0.0
9.183856974957326e-06 0.5536190859612266 -23.29560627 -3.25039847 -0.5564409924367842 0.0
9.116318941142714e-06 0.5513020190187571 -22.18799194 -3.74439526 -0.5536190859612266 0.0
9.0527594699022e-06 0.5477132472676828 -23.30145214 -3.24733594 -0.5513020190187571 0.0
8.992584491669504e-06 0.5447390144075572 -23.12433349 -3.3242834 -0.5477132472676828 0.0
8.917206193557933e-06 0.544645579838344 -22.70121274 -3.52044778 -0.5447390144075572 0.0
8.876459214687289e-06 0.534026442166652 -23.93564502 -2.93325773 -0.544645579838344 0.0
8.836534660701142e-06 0.5337326429541888 -23.92420872 -2.94171551 -0.534026442166652 0.0
8.757273265871492e-06 0.5321468028282512 -23.85989674 -2.97401348 -0.5337326429541888 0.0
8.69189040422023e-06 0.5288223794119171 -23.66705764 -3.06231211 -0.5321468028282512 0.0
8.640490537824304e-06 0.5241111213361764 -22.74827918 -3.49944381 -0.5288223794119171 0.0
8.586519280014417e-06 0.5214497566162163 -23.53623346 -3.13167276 -0.5241111213361764 0.0
8.525638605879578e-06 0.5184419859481776 -23.4127411 -3.19156135 -0.5214497566162163 0.0
8.45599204755741e-06 0.5179521372811158 -23.50107827 -3.14420637 -0.5184419859481776 0.0
8.37606544289069e-06 0.5175353505547122 -23.48504908 -3.15627623 -0.5179521372811158 0.0
8.298088927284941e-06 0.5167576795700091 -23.81882797 -2.98926085 -0.5175353505547122 0.0
8.225432027434311e-06 0.5152239600541493 -23.79517594 -3.00517937 -0.5167576795700091 0.0
8.150485388567562e-06 0.5151631088056222 -23.65964512 -3.07153133 -0.5152239600541493 0.0
8.07097593151777e-06 0.5149294593005016 -23.34447152 -3.22480783 -0.5151631088056222 0.0
8.001242102080547e-06 0.5126189997182505 -23.01298496 -3.38806205 -0.5149294593005016 0.0
7.951121969498573e-06 0.5076012483701099 -23.24622804 -3.26767203 -0.5126189997182505 0.0
7.89396841220108e-06 0.507140239112598 -22.78965052 -3.49689491 -0.5076012483701099 0.0
7.818848571959514e-06 0.5068239054666291 -23.34513162 -3.22394321 -0.507140239112598 0.0
7.747392503697173e-06 0.5056018590622651 -23.68628939 -3.05407726 -0.5068239054666291 0.0
7.681471481258056e-06 0.5040139161776869 -23.42388759 -3.18492409 -0.5056018590622651 0.0
7.612271746438099e-06 0.5037995372349469 -23.81725876 -2.99333069 -0.5040139161776869 0.0
7.538858940404613e-06 0.5034948904543751 -23.40968046 -3.18987745 -0.5037995372349469 0.0
7.47142292969269e-06 0.5018702511825643 -23.78205041 -3.00795055 -0.5034948904543751 0.0
7.404070543559073e-06 0.5017046646958766 -23.37952516 -3.20457709 -0.5018702511825643 0.0
7.332905187222232e-06 0.5012859124676489 -23.8263145 -2.98834182 -0.5017046646958766 0.0
7.263976925857696e-06 0.5006926764087221 -23.01679355 -3.37604445 -0.5012859124676489 0.0
7.195248271695537e-06 0.5003984222275029 -22.69207871 -3.54363007 -0.5006926764087221 0.0
7.1252479124509105e-06 0.5003446449934003 -23.82143961 -2.98959206 -0.5003984222275029 0.0
7.056852616399621e-06 0.4997885835339528 -22.98153851 -3.40318176 -0.5003446449934003 0.0
6.989894752817818e-06 0.4995112207207424 -23.39869582 -3.19599164 -0.4997885835339528 0.0
6.92711330498625e-06 0.49793317194923215 -23.3586186 -3.21514243 -0.4995112207207424 0.0
6.868750773594413e-06 0.49653227531982114 -23.01923245 -3.38455287 -0.49793317194923215 0.0
6.807119454458878e-06 0.4960584931642397 -23.32802121 -3.22981281 -0.49653227531982114 0.0
6.743104166880375e-06 0.4955289581884519 -23.2159122 -3.28720199 -0.4960584931642397 0.0
6.684114722756814e-06 0.4937317756429089 -22.81149188 -3.48607956 -0.4955289581884519 0.0
6.6284873817913075e-06 0.49234225920119945 -23.14716444 -3.32117672 -0.4937317756429089 0.0
6.5711374137743725e-06 0.49121033310719564 -23.29080352 -3.24931918 -0.49234225920119945 0.0
6.5104031955744935e-06 0.49101238846822404 -22.15540828 -3.76955969 -0.49121033310719564 0.0
6.4474908881546e-06 0.49073036863169583 -23.68911913 -3.05455789 -0.49101238846822404 0.0
6.389447270791924e-06 0.48919885322449963 -22.1799729 -3.76376529 -0.49073036863169583 0.0
6.335797710067583e-06 0.4876937641134258 -23.24917064 -3.26766611 -0.48919885322449963 0.0
6.285329209814158e-06 0.48529407685619386 -22.32861655 -3.68402453 -0.4876937641134258 0.0
6.232133516723487e-06 0.48479070251796297 -23.22010154 -3.28434485 -0.48529407685619386 0.0
6.175131168544372e-06 0.48377082895682655 -23.14776926 -3.32046568 -0.48479070251796297 0.0
6.1279433989249095e-06 0.48023476317519725 -22.78754038 -3.49742114 -0.48377082895682655 0.0
6.089668844209134e-06 0.4764016997266103 -22.1910155 -3.74456378 -0.48023476317519725 0.0
6.044095108110775e-06 0.4753545485580289 -23.09652855 -3.34557345 -0.4764016997266103 0.0
5.992569809675706e-06 0.47362439919319543 -22.15482592 -3.76467501 -0.4753545485580289 0.0
5.946946677501477e-06 0.47074004310915596 -22.87999372 -3.45225438 -0.47362439919319543 0.0
5.898157926400247e-06 0.47019740742584115 -22.62871688 -3.57321201 -0.47074004310915596 0.0
5.845228245484422e-06 0.46886863407555995 -22.17902476 -3.76346459 -0.47019740742584115 0.0
5.79406403352132e-06 0.46787993444835524 -22.38294844 -3.68498843 -0.46886863407555995 0.0
5.741955977105202e-06 0.4670359783213592 -23.12621211 -3.33027712 -0.46787993444835524 0.0
5.689254312368689e-06 0.46642064454471965 -22.80545309 -3.4743986 -0.4670359783213592 0.0
5.6357712344742046e-06 0.46602562912624923 -23.15598537 -3.31506643 -0.46642064454471965 0.0
5.583522902044769e-06 0.4651482993165913 -22.61433193 -3.57991068 -0.46602562912624923 0.0
5.537674448899532e-06 0.46261694407105314 -23.15563986 -3.31475766 -0.4651482993165913 0.0
5.493520283653176e-06 0.4612572390897385 -22.15690483 -3.76412817 -0.46261694407105314 0.0
5.468471412575714e-06 0.4518780908437436 -23.04108118 -3.37215098 -0.4612572390897385 0.0
5.453504826700983e-06 0.4468222530750101 -23.09832924 -3.34276479 -0.4518780908437436 0.0
5.428803760000243e-06 0.44105870697681127 -22.25923989 -3.73532614 -0.4468222530750101 0.0
5.412872989602174e-06 0.432807913747679 -22.42579547 -3.643146 -0.44105870697681127 0.0
5.383704453248358e-06 0.43194782390918984 -22.93386466 -3.42471503 -0.432807913747679 0.0
5.34143787907953e-06 0.4286733772746686 -22.20504036 -3.7390276 -0.43194782390918984 0.0
5.298911318942576e-06 0.4280315737494951 -22.73849326 -3.52010365 -0.4286733772746686 0.0
5.265753847048095e-06 0.42133795724611633 -22.17346425 -3.75530857 -0.4280315737494951 0.0
5.249639472731658e-06 0.41426205556367524 -22.47425485 -3.62250236 -0.42133795724611633 0.0
5.2207955247138475e-06 0.4124448295101829 -22.9059576 -3.43788318 -0.41426205556367524 0.0
5.1813595270133275e-06 0.40952731797833014 -22.55939626 -3.58547882 -0.4124448295101829 0.0
5.139437233845957e-06 0.4087899615472551 -22.92598403 -3.42779461 -0.40952731797833014 0.0
5.093956125769298e-06 0.4074046447185627 -22.88395805 -3.44860824 -0.4087899615472551 0.0
5.058009572280435e-06 0.4030569912800701 -22.91420614 -3.43344329 -0.4074046447185627 0.0
5.0447330419969324e-06 0.39278225732845573 -22.4650316 -3.62679097 -0.4030569912800701 0.0
5.025357302898404e-06 0.39082725380282896 -22.21227559 -3.73651972 -0.39278225732845573 0.0
4.997559669228384e-06 0.3839859994499998 -22.83394435 -3.47256604 -0.39082725380282896 0.0
4.966537267088898e-06 0.38336870029175574 -22.68234761 -3.53149548 -0.3839859994499998 0.0
4.9220515912396e-06 0.382080530644892 -22.7340829 -3.52127221 -0.38336870029175574 0.0
4.882170613064932e-06 0.3797400231263325 -22.59419485 -3.570643 -0.382080530644892 0.0
4.852524865111005e-06 0.37436723314933595 -22.31956346 -3.68947895 -0.3797400231263325 0.0
4.820621887301963e-06 0.3730250315507028 -22.77268188 -3.50230222 -0.37436723314933595 0.0
4.780939549608321e-06 0.3709988600451798 -22.40794567 -3.6726908 -0.3730250315507028 0.0
4.743012975144974e-06 0.36905329610860754 -22.18208947 -3.75870522 -0.3709988600451798 0.0
4.706671916886009e-06 0.36648195228720426 -22.1819946 -3.75854742 -0.36905329610860754 0.0
4.666430870678953e-06 0.36632408152752155 -22.61505364 -3.57790683 -0.36648195228720426 0.0
4.627545598196763e-06 0.3633193270840172 -22.43849128 -3.65908936 -0.36632408152752155 0.0
4.589733162386266e-06 0.36283068504544985 -22.64224615 -3.56494877 -0.3633193270840172 0.0
4.549560050052551e-06 0.36100214524324087 -22.85067704 -3.45660027 -0.36283068504544985 0.0
4.523244029766785e-06 0.35454180916625205 -22.63196494 -3.55440564 -0.36100214524324087 0.0
4.502107239221946e-06 0.350462967932971 -22.88839273 -3.44062018 -0.35454180916625205 0.0
4.467432523017458e-06 0.3501004182550749 -22.8978421 -3.4385137 -0.350462967932971 0.0
4.42933857045497e-06 0.34769092069240165 -22.20942498 -3.73904148 -0.3501004182550749 0.0
4.3971589133539416e-06 0.3447836884403075 -22.22220658 -3.74669273 -0.34769092069240165 0.0
4.368616641368886e-06 0.3408165403613108 -22.87104902 -3.44873709 -0.3447836884403075 0.0
4.3346325842156855e-06 0.3404982174475839 -22.88633523 -3.44302791 -0.3408165403613108 0.0
4.3020367812976075e-06 0.3360174134365174 -22.78927763 -3.49307085 -0.3404982174475839 0.0
4.271375611921607e-06 0.33489814534412465 -22.87571504 -3.44763132 -0.3360174134365174 0.0
4.247560923280001e-06 0.3273128525320802 -22.29703644 -3.71855805 -0.33489814534412465 0.0
4.230780460425333e-06 0.3229048286461926 -22.74834093 -3.51281097 -0.3273128525320802 0.0
4.201646405821142e-06 0.32122810038921434 -22.8453034 -3.46395135 -0.3229048286461926 0.0
4.1657149636662346e-06 0.32018079636102814 -22.56496672 -3.58448226 -0.32122810038921434 0.0
4.128155886479326e-06 0.3194415614225989 -22.83963343 -3.4636555 -0.32018079636102814 0.0
4.089618273570714e-06 0.3190383519021475 -22.56746351 -3.58341084 -0.3194415614225989 0.0
4.052985630963766e-06 0.3175370859174155 -22.78151963 -3.49624782 -0.3190383519021475 0.0
4.02121571378342e-06 0.3148779526518641 -22.41182372 -3.67007558 -0.3175370859174155 0.0
3.987632083395706e-06 0.3144080743634278 -22.84492384 -3.46311749 -0.3148779526518641 0.0
3.949338338896264e-06 0.3142763124560343 -22.71515184 -3.51841595 -0.3144080743634278 0.0
3.911657216279497e-06 0.3136813589265393 -22.53636869 -3.61377262 -0.3142763124560343 0.0
3.881464149624929e-06 0.3098765495560817 -22.80113122 -3.48606981 -0.3136813589265393 0.0
3.853057088082797e-06 0.308468690679198 -22.22078839 -3.73469351 -0.3098765495560817 0.0
3.817750200514826e-06 0.308386565398241 -22.47511243 -3.64174132 -0.308468690679198 0.0
3.7853611213794772e-06 0.30560996562246645 -22.20708544 -3.7417264 -0.308386565398241 0.0
3.756862164446582e-06 0.3035994121732771 -22.7419312 -3.51534481 -0.30560996562246645 0.0
3.727527935275093e-06 0.3013871493679982 -22.46257273 -3.6472794 -0.3035994121732771 0.0
3.697250869015344e-06 0.3000094552371213 -22.82069198 -3.4733165 -0.3013871493679982 0.0
3.668022268371603e-06 0.2973615854505234 -22.75947469 -3.49940112 -0.3000094552371213 0.0
3.6379779407057175e-06 0.2965564205207016 -22.19581265 -3.74974794 -0.2973615854505234 0.0
3.6065504718575035e-06 0.29481401855128697 -22.75880698 -3.49979385 -0.2965564205207016 0.0
3.575736945797861e-06 0.29381619667314574 -22.61381276 -3.56359073 -0.29481401855128697 0.0
3.55228606613588e-06 0.28808120059188697 -22.70891183 -3.53105619 -0.29381619667314574 0.0
3.5272616163534603e-06 0.288046382138875 -22.25463786 -3.73393046 -0.28808120059188697 0.0
3.494041999993878e-06 0.28710594284575586 -22.37698418 -3.68470296 -0.288046382138875 0.0
3.467750100704037e-06 0.28325567455161443 -22.20047883 -3.74960662 -0.28710594284575586 0.0
3.441748859355825e-06 0.2822543579681012 -22.36643053 -3.67086374 -0.28325567455161443 0.0
3.417553780663447e-06 0.2774698953736314 -22.27045007 -3.72782988 -0.2822543579681012 0.0
3.394481286717936e-06 0.2758967210475391 -22.24151539 -3.72579384 -0.2774698953736314 0.0
3.365494609143536e-06 0.2747210070284425 -22.34548819 -3.67999145 -0.2758967210475391 0.0
3.3414151753627706e-06 0.27036149752923044 -22.41504823 -3.66787137 -0.2747210070284425 0.0
3.3163013760831514e-06 0.26990425401690216 -22.45220424 -3.63425112 -0.27036149752923044 0.0
3.2925422862254384e-06 0.2648474180911253 -22.21799813 -3.73773965 -0.26990425401690216 0.0
3.2721994169004974e-06 0.26239397302936823 -22.28241824 -3.72293301 -0.2648474180911253 0.0
3.249669685089883e-06 0.25876655617217326 -22.75736709 -3.50530956 -0.26239397302936823 0.0
3.227648808338621e-06 0.25609062546641537 -22.54394666 -3.6091109 -0.25876655617217326 0.0
3.2003631890359295e-06 0.25584341782450337 -22.48988109 -3.63404995 -0.25609062546641537 0.0
3.1826927462977247e-06 0.2472816461973989 -22.50384006 -3.6274863 -0.25584341782450337 0.0
3.167254564879567e-06 0.24565003427175366 -22.35052106 -3.67836151 -0.2472816461973989 0.0
3.1395284507581197e-06 0.24496549819801602 -22.50272009 -3.62795254 -0.24565003427175366 0.0
3.1097424313825086e-06 0.24481468201382733 -22.59450322 -3.58505785 -0.24496549819801602 0.0
3.085683706703346e-06 0.24060256139049613 -22.74108788 -3.51081064 -0.24481468201382733 0.0
3.062069807472601e-06 0.2402739333129093 -22.70649438 -3.52475565 -0.24060256139049613 0.0
3.033501750875809e-06 0.2394489416266121 -22.2137569 -3.74385729 -0.2402739333129093 0.0
3.010198006036238e-06 0.2358000026341605 -22.32236566 -3.7065438 -0.2394489416266121 0.0
3.0019955940783596e-06 0.22503113081396114 -22.34376085 -3.69752477 -0.2358000026341605 0.0
2.990225733179014e-06 0.22372754365005382 -22.59118171 -3.57509191 -0.22503113081396114 0.0
2.971092433405335e-06 0.2179766578723564 -22.31902149 -3.7075002 -0.22372754365005382 0.0
2.9555130446799754e-06 0.21433683168671583 -22.66865316 -3.54203736 -0.2179766578723564 0.0
2.9351341114031934e-06 0.2119123713833071 -22.49873939 -3.61532363 -0.21433683168671583 0.0
2.9101869421351813e-06 0.21150639301677038 -22.63219445 -3.55773285 -0.2119123713833071 0.0
2.8921037950724274e-06 0.20449022776840328 -22.66359351 -3.55017342 -0.21150639301677038 0.0
2.8785261281852503e-06 0.20100804001454017 -22.22907462 -3.73833911 -0.20449022776840328 0.0
2.858473770237119e-06 0.1985691546663404 -22.6854486 -3.53828093 -0.20100804001454017 0.0
2.8338368788858453e-06 0.19841840619784 -22.39733368 -3.65917059 -0.1985691546663404 0.0
2.806539985502161e-06 0.19802688207461755 -22.35681356 -3.69148261 -0.19841840619784 0.0
2.7797733911513535e-06 0.19768372031846493 -22.37152085 -3.67027839 -0.19802688207461755 0.0
2.752723198941813e-06 0.19768366001796425 -22.61922577 -3.57178898 -0.19768372031846493 0.0
2.730122816994048e-06 0.19427412437638047 -22.66309816 -3.54983069 -0.19768366001796425 0.0
2.7089300463751466e-06 0.19336601024685873 -22.67249799 -3.54174259 -0.19427412437638047 0.0
2.6836745662717456e-06 0.1931068290224394 -22.47045226 -3.62789923 -0.19336601024685873 0.0
2.659038189097752e-06 0.19191066519115993 -22.53946514 -3.59824415 -0.1931068290224394 0.0
2.6379654991339632e-06 0.1891207526542907 -22.23763282 -3.73577749 -0.19191066519115993 0.0
2.616991619744963e-06 0.18797349560467125 -22.34175285 -3.6833394 -0.1891207526542907 0.0
2.5954575347379566e-06 0.18574621462251706 -22.67354156 -3.54288707 -0.18797349560467125 0.0
2.5736404932912697e-06 0.18495451863413886 -22.66834723 -3.54422499 -0.18574621462251706 0.0
2.5528706961115455e-06 0.18205338390196193 -22.56589782 -3.58715061 -0.18495451863413886 0.0
2.531837678488866e-06 0.18159799452770464 -22.26433655 -3.71806374 -0.18205338390196193 0.0
2.5118972610412786e-06 0.17797005224545162 -22.29980605 -3.71408701 -0.18159799452770464 0.0
2.4918985072927545e-06 0.17768101485219662 -22.26701058 -3.72620779 -0.17797005224545162 0.0
2.4680228430964977e-06 0.17732442338921783 -22.26931305 -3.72538977 -0.17768101485219662 0.0
2.448309748008486e-06 0.17382233554393717 -22.30163098 -3.71326095 -0.17732442338921783 0.0
2.4322460508365274e-06 0.1705888224094778 -22.26156991 -3.72776647 -0.17382233554393717 0.0
2.4162641758772464e-06 0.1671071160858581 -22.54836085 -3.59511105 -0.1705888224094778 0.0
2.3966537173543e-06 0.1669834107922362 -22.42424909 -3.64830439 -0.1671071160858581 0.0
2.3731772360458457e-06 0.166894086019389 -22.57610505 -3.58327134 -0.1669834107922362 0.0
2.3526796653693116e-06 0.16443366371191884 -22.64115679 -3.55655073 -0.166894086019389 0.0
2.334238777879563e-06 0.16273089351859293 -22.63259362 -3.55995608 -0.16443366371191884 0.0
2.315157587986307e-06 0.16094922072487675 -22.61314969 -3.57315233 -0.16273089351859293 0.0
2.2949268891037284e-06 0.16038306111755157 -22.64082213 -3.55837114 -0.16094922072487675 0.0
2.2732731769175946e-06 0.16000904452587733 -22.36147933 -3.6886165 -0.16038306111755157 0.0
2.251318388175704e-06 0.15989182018628834 -22.64118765 -3.55787121 -0.16000904452587733 0.0
2.233470226822067e-06 0.156031032746776 -22.61487502 -3.57198512 -0.15989182018628834 0.0
2.216279385145578e-06 0.15544090747424066 -22.47734953 -3.62583193 -0.156031032746776 0.0
2.1967516725473988e-06 0.15383109285462168 -22.30941263 -3.70964301 -0.15544090747424066 0.0
2.1801073472598872e-06 0.15075324481062455 -22.62932869 -3.56350962 -0.15383109285462168 0.0
2.1622694382014265e-06 0.15035966455635819 -22.58384779 -3.58064676 -0.15075324481062455 0.0
2.141639109563672e-06 0.1500262942947398 -22.56318667 -3.58936759 -0.15035966455635819 0.0
2.1212459182073325e-06 0.14959474477576495 -22.55120928 -3.59446147 -0.1500262942947398 0.0
2.1013138213088906e-06 0.1490073423408448 -22.45062865 -3.64942995 -0.14959474477576495 0.0
2.0833611462078544e-06 0.14685566050023324 -22.29644056 -3.71440133 -0.1490073423408448 0.0
2.0653634178147647e-06 0.14645821266345843 -22.52189952 -3.6070406 -0.14685566050023324 0.0
2.0465865859087257e-06 0.14522109165170322 -22.40328799 -3.67032161 -0.14645821266345843 0.0
2.029114342652872e-06 0.14370556628981795 -22.2574051 -3.72356293 -0.14522109165170322 0.0
2.0114259348573394e-06 0.14283109205371738 -22.5616704 -3.59028691 -0.14370556628981795 0.0
1.9925841905892264e-06 0.14262773643084298 -22.40190659 -3.65847282 -0.14283109205371738 0.0
1.9732024183349894e-06 0.1424795626351258 -22.40085007 -3.67131225 -0.14262773643084298 0.0
1.9547416875527418e-06 0.1415268169439704 -22.35496925 -3.67874037 -0.1424795626351258 0.0
1.9365052160986305e-06 0.14132496826196053 -22.2686365 -3.72401872 -0.1415268169439704 0.0
1.9203095916640148e-06 0.138425236841479 -22.57640451 -3.58431111 -0.14132496826196053 0.0
1.9050403641092531e-06 0.13738891660839825 -22.60785626 -3.57184738 -0.138425236841479 0.0
1.8874980712203307e-06 0.13702637268974685 -22.25544488 -3.72606406 -0.13738891660839825 0.0
1.8696940831413701e-06 0.13644301649790272 -22.54496953 -3.60532604 -0.13702637268974685 0.0
1.852839547619772e-06 0.13523693481749638 -22.56796873 -3.58797391 -0.13644301649790272 0.0
1.8365725944191232e-06 0.13417874863174767 -22.60198628 -3.57688937 -0.13523693481749638 0.0
1.8196637715966253e-06 0.13383476482167328 -22.42635048 -3.64821809 -0.13417874863174767 0.0
1.8025822703602077e-06 0.13314120088621667 -22.34639825 -3.69416969 -0.13383476482167328 0.0
1.7864408227246433e-06 0.13192426961905887 -22.37556427 -3.68191485 -0.13314120088621667 0.0
1.7698493497624929e-06 0.13190185587203823 -22.25840557 -3.72457908 -0.13192426961905887 0.0
1.7531094586605057e-06 0.1310305677337334 -22.36564922 -3.67439364 -0.13190185587203823 0.0
1.7370841455400469e-06 0.13036734562697638 -22.27299811 -3.71618233 -0.1310305677337334 0.0
1.7217598535927762e-06 0.1288523512182778 -22.34127951 -3.68505386 -0.13036734562697638 0.0
1.7065185873510002e-06 0.12824931511483265 -22.31660232 -3.70601165 -0.1288523512182778 0.0
1.690535007101178e-06 0.12777231609919157 -22.5891631 -3.58308202 -0.12824931511483265 0.0
1.6747715222322233e-06 0.12708531401981488 -22.35265627 -3.69140529 -0.12777231609919157 0.0
1.66340183631207e-06 0.12150322019816892 -22.2777871 -3.71993051 -0.12708531401981488 0.0
1.6516918901762167e-06 0.12130617979879307 -22.47770605 -3.62663968 -0.12150322019816892 0.0
1.6356529202686157e-06 0.12111873016735171 -22.27765509 -3.71438826 -0.12130617979879307 0.0
1.6207099143302155e-06 0.11976155433232046 -22.42539625 -3.6598977 -0.12111873016735171 0.0
1.607278839482137e-06 0.11786187962585007 -22.57946105 -3.58446515 -0.11976155433232046 0.0
1.5941027921793727e-06 0.1163236260354103 -22.54607064 -3.60390979 -0.11786187962585007 0.0
1.5804874763698373e-06 0.11511646352480258 -22.47862895 -3.62644409 -0.1163236260354103 0.0
1.56581883312817e-06 0.11507145169092095 -22.58373211 -3.58431128 -0.11511646352480258 0.0
1.5504177484408273e-06 0.11498479014363802 -22.58079271 -3.58613814 -0.11507145169092095 0.0
1.5357531673887731e-06 0.1141779233536708 -22.30866175 -3.70856244 -0.11498479014363802 0.0
1.521339949700061e-06 0.11394284172939563 -22.32193922 -3.70341631 -0.1141779233536708 0.0
1.5068282693144647e-06 0.11344637857306736 -22.38791179 -3.67609725 -0.11394284172939563 0.0
1.4925519681807652e-06 0.11308129690285876 -22.29327056 -3.71419663 -0.11344637857306736 0.0
1.4811479444899757e-06 0.1088899951687953 -22.56826457 -3.59225483 -0.11308129690285876 0.0
1.470485995980496e-06 0.10762558239445107 -22.32042092 -3.70377485 -0.1088899951687953 0.0
1.4589605521659384e-06 0.10472848021728207 -22.37942786 -3.67945949 -0.10762558239445107 0.0
1.4469162501262186e-06 0.10430219561680146 -22.50114488 -3.61730004 -0.10472848021728207 0.0
1.4334389516092128e-06 0.10354421512823678 -22.56793524 -3.59159131 -0.10430219561680146 0.0
1.4200751676030313e-06 0.10313465889489953 -22.44493476 -3.64116596 -0.10354421512823678 0.0
1.4063993680661273e-06 0.1029975292339057 -22.55357266 -3.59576238 -0.10313465889489953 0.0
1.3927124709413087e-06 0.10279307309402655 -22.31374021 -3.70615909 -0.1029975292339057 0.0
1.3792452896278815e-06 0.10253048541110396 -22.46040224 -3.63460543 -0.10279307309402655 0.0
1.365996377758705e-06 0.10219711906143378 -22.53035134 -3.60520468 -0.10253048541110396 0.0
1.3528212844136374e-06 0.10201351905466466 -22.28228716 -3.71338102 -0.10219711906143378 0.0
1.3400899516672612e-06 0.10120763580662262 -22.27935659 -3.71513129 -0.10201351905466466 0.0
1.3274219707549254e-06 0.10110879044030514 -22.28063099 -3.71439453 -0.10120763580662262 0.0
1.3151215158755044e-06 0.09992656995649746 -22.44903606 -3.63952473 -0.10110879044030514 0.0
1.303237788473379e-06 0.09936244749120948 -22.36997797 -3.68329167 -0.09992656995649746 0.0
1.2924152736921468e-06 0.0967055965705722 -22.4965712 -3.62665524 -0.09936244749120948 0.0
1.2815592167359427e-06 0.09633065282570934 -22.54437918 -3.60348482 -0.0967055965705722 0.0
1.2701181796309552e-06 0.09474057922112442 -22.54601756 -3.60250117 -0.09633065282570934 0.0
1.2588643685842533e-06 0.09422928677102622 -22.31933537 -3.70364455 -0.09474057922112442 0.0
1.2471213671169539e-06 0.09358401732834734 -22.3154421 -3.69780884 -0.09422928677102622 0.0
1.235729918461335e-06 0.09268105811440956 -22.33054085 -3.69101564 -0.09358401732834734 0.0
1.224999070583392e-06 0.09112722997847847 -22.28413548 -3.71367644 -0.09268105811440956 0.0
1.216236034031855e-06 0.08714219023989737 -22.31647943 -3.69763523 -0.09112722997847847 0.0
1.2066447995598585e-06 0.08705711304508179 -22.52361909 -3.61317421 -0.08714219023989737 0.0
1.1955801391452243e-06 0.0856661612618392 -22.29129149 -3.71293153 -0.08705711304508179 0.0
1.1846108625940632e-06 0.08559037910388942 -22.48074561 -3.63357677 -0.0856661612618392 0.0
1.1730995343928236e-06 0.08529534794822237 -22.54299484 -3.6018613 -0.08559037910388942 0.0
1.1625712559695604e-06 0.08372085253091752 -22.53148893 -3.60603625 -0.08529534794822237 0.0
1.1538269161274428e-06 0.0804966278808928 -22.33001909 -3.69177178 -0.08372085253091752 0.0
1.1444186982605544e-06 0.08019231473387992 -22.51324391 -3.61350385 -0.0804966278808928 0.0
1.133966071311912e-06 0.07894740167673975 -22.44875746 -3.64040687 -0.08019231473387992 0.0
1.1240813667492855e-06 0.07780188599126185 -22.38671792 -3.675404 -0.07894740167673975 0.0
1.1139414621019522e-06 0.07716960497997202 -22.31128536 -3.70574325 -0.07780188599126185 0.0
1.1034613592001442e-06 0.07680648354750187 -22.45134946 -3.63939872 -0.07716960497997202 0.0
1.0929313367546455e-06 0.0764460291882183 -22.3095964 -3.70149 -0.07680648354750187 0.0
1.082420553633539e-06 0.07623300006649243 -22.32302707 -3.69517371 -0.0764460291882183 0.0
1.0727620562128553e-06 0.07447233753543635 -22.52385422 -3.61182121 -0.07623300006649243 0.0
1.0632953479021102e-06 0.07405916388771266 -22.48547546 -3.62523318 -0.07447233753543635 0.0
1.0531555105012624e-06 0.07373565727452962 -22.48819253 -3.62947866 -0.07405916388771266 0.0
1.0432094467345914e-06 0.07313644148228207 -22.47838602 -3.6340775 -0.07373565727452962 0.0
1.0336568480594027e-06 0.07223333988838522 -22.50073373 -3.61910092 -0.07313644148228207 0.0
1.0242265399851875e-06 0.07156592721269255 -22.31250699 -3.70042639 -0.07223333988838522 0.0
1.014518614396925e-06 0.07137958378797628 -22.52136398 -3.61137868 -0.07156592721269255 0.0
1.00468276330496e-06 0.07115006036343796 -22.5189515 -3.61219896 -0.07137958378797628 0.0
9.953721162399624e-07 0.07010010220548399 -22.30207723 -3.70601007 -0.07115006036343796 0.0
9.860677128924783e-07 0.07003237787314304 -22.36352594 -3.68488228 -0.07010010220548399 0.0
9.765318791076359e-07 0.06963473987822813 -22.52061114 -3.61218417 -0.07003237787314304 0.0
9.671416692506022e-07 0.06945649953660138 -22.32403933 -3.70058231 -0.06963473987822813 0.0
9.578203942485614e-07 0.06910351760753576 -22.41379179 -3.65566636 -0.06945649953660138 0.0
9.486209505193515e-07 0.06885778490035473 -22.51782798 -3.61416941 -0.06910351760753576 0.0
9.39523037008527e-07 0.06847679684033131 -22.51300362 -3.6168171 -0.06885778490035473 0.0
9.3059717209077e-07 0.06804880959483182 -22.30160408 -3.70682314 -0.06847679684033131 0.0
9.217562703297556e-07 0.06766744745338438 -22.36719827 -3.68325048 -0.06804880959483182 0.0
9.128729126217627e-07 0.06751645000443406 -22.30433758 -3.70509633 -0.06766744745338438 0.0
9.039827867086539e-07 0.067339496635438 -22.3903056 -3.66581743 -0.06751645000443406 0.0
8.952732050622488e-07 0.06697859345916633 -22.32440619 -3.70028989 -0.067339496635438 0.0
8.865717829032376e-07 0.06697246863168356 -22.50936169 -3.61854321 -0.06697859345916633 0.0
8.782014983553455e-07 0.06605020703630757 -22.38993158 -3.66603249 -0.06697246863168356 0.0
8.705922944543703e-07 0.06447678531469014 -22.49463867 -3.62213445 -0.06605020703630757 0.0
8.62799093085854e-07 0.06413278569731265 -22.49925512 -3.62035368 -0.06447678531469014 0.0
8.544211227353443e-07 0.06409144081667796 -22.3346581 -3.69621751 -0.06413278569731265 0.0
8.464449847993074e-07 0.06299039087906534 -22.38862521 -3.67397285 -0.06409144081667796 0.0
8.385287834352254e-07 0.06298307627986424 -22.48149328 -3.62753812 -0.06299039087906534 0.0
8.304702718855854e-07 0.06240336316871642 -22.31382513 -3.70365409 -0.06298307627986424 0.0
8.226067017951077e-07 0.062110212279286564 -22.30971503 -3.70482169 -0.06240336316871642 0.0
8.146538376355858e-07 0.06193252574223467 -22.47243712 -3.63131462 -0.062110212279286564 0.0
8.06745498216345e-07 0.061719620305596856 -22.45186519 -3.64580223 -0.06193252574223467 0.0
7.988712260622693e-07 0.061648827707648214 -22.36147243 -3.67862174 -0.061719620305596856 0.0
7.910272786446759e-07 0.06155358050324164 -22.30767795 -3.70502062 -0.061648827707648214 0.0
7.832723706838502e-07 0.06145209164187631 -22.33148736 -3.69212091 -0.06155358050324164 0.0
7.755801506582499e-07 0.06139123711212062 -22.30798752 -3.70495823 -0.06145209164187631 0.0
7.68235262508536e-07 0.06058221898004581 -22.46804742 -3.63821897 -0.06139123711212062 0.0
7.61495601527511e-07 0.059114193301509986 -22.4108158 -3.66414745 -0.06058221898004581 0.0
7.546560880022816e-07 0.0587255829793338 -22.34363144 -3.69239875 -0.059114193301509986 0.0
7.474469738972128e-07 0.0584110547195167 -22.45990374 -3.64189711 -0.0587255829793338 0.0
7.405278584004717e-07 0.057425360940628424 -22.39281004 -3.66517371 -0.0584110547195167 0.0
7.336337548014247e-07 0.05721680427137367 -22.34068354 -3.69346308 -0.057425360940628424 0.0
7.265598670915328e-07 0.056902809019245194 -22.49267452 -3.62593562 -0.05721680427137367 0.0
7.196036197204437e-07 0.05655685218518132 -22.45506407 -3.63882523 -0.056902809019245194 0.0
7.128582403083087e-07 0.05583815261975551 -22.34339571 -3.69231695 -0.05655685218518132 0.0
7.062219843198628e-07 0.05536204950619684 -22.47083936 -3.63241004 -0.05583815261975551 0.0
6.994186285941973e-07 0.05529774342289064 -22.40821121 -3.65866342 -0.05536204950619684 0.0
6.927246199166667e-07 0.054695303546928815 -22.49320857 -3.62528631 -0.05529774342289064 0.0
6.863555980332508e-07 0.05387053795662502 -22.3535229 -3.68817118 -0.054695303546928815 0.0
6.798500087130051e-07 0.05384179095486765 -22.40012345 -3.66219893 -0.05387053795662502 0.0
6.733570659370515e-07 0.05316289301049273 -22.46520641 -3.63905974 -0.05384179095486765 0.0
6.671693717921755e-07 0.052404763999998515 -22.42065971 -3.65350803 -0.05316289301049273 0.0
6.608194883433693e-07 0.05238854885327262 -22.48470472 -3.62722966 -0.052404763999998515 0.0
6.543256927834603e-07 0.052255076928076884 -22.37406973 -3.67962879 -0.05238854885327262 0.0
6.478943951749919e-07 0.05224291479325565 -22.35593157 -3.68710327 -0.052255076928076884 0.0
6.414872919938575e-07 0.05223109248575459 -22.40899398 -3.66460761 -0.05224291479325565 0.0
6.351489807031334e-07 0.05220182801369949 -22.35136786 -3.68893492 -0.05223109248575459 0.0
6.288965975553634e-07 0.05211590295629638 -22.3866382 -3.67430009 -0.05220182801369949 0.0
6.227599885795492e-07 0.051912490605182826 -22.31782247 -3.70060933 -0.05211590295629638 0.0
6.167199747913783e-07 0.05170748582721634 -22.46360376 -3.63971081 -0.051912490605182826 0.0
6.107469408969176e-07 0.05147657155276962 -22.39958983 -3.66868203 -0.05170748582721634 0.0
6.049119989050735e-07 0.05100628661200611 -22.34041566 -3.68869584 -0.05147657155276962 0.0
6.051082016997809e-07 0.05082793075566362 -22.32251318 -3.69944224 -0.05100628661200611 0.0
6.053474474781542e-07 0.05021577491265469 -22.38147094 -3.67044097 -0.05082793075566362 0.0
6.055621648045089e-07 0.05011856327869426 -22.34019733 -3.68886358 -0.05021577491265469 0.0
6.056890424641982e-07 0.04979680141780575 -22.35477819 -3.68741734 -0.05011856327869426 0.0
6.058977284973569e-07 0.04942960341303633 -22.40955248 -3.65839025 -0.04979680141780575 0.0
6.062173014616841e-07 0.04874228962365592 -22.36283083 -3.67870694 -0.04942960341303633 0.0
6.065689024404739e-07 0.04826989404345751 -22.36959506 -3.6812709 -0.04874228962365592 0.0
6.067868745492769e-07 0.04802367290454782 -22.34337811 -3.69178102 -0.04826989404345751 0.0
6.069179242482663e-07 0.0478379877583426 -22.47192027 -3.63533979 -0.04802367290454782 0.0
6.070517133243115e-07 0.04758284885264733 -22.42507037 -3.65720227 -0.0478379877583426 0.0
6.071637800894142e-07 0.047468792277626154 -22.41638409 -3.6610781 -0.04758284885264733 0.0
6.073175751619713e-07 0.04707634665006661 -22.43349165 -3.65336357 -0.047468792277626154 0.0
6.074387883500092e-07 0.04706961798444985 -22.47553928 -3.63137774 -0.04707634665006661 0.0
6.07458396046392e-07 0.04701178992521491 -22.32392443 -3.69765028 -0.04706961798444985 0.0
6.074905271090374e-07 0.04696383200026074 -22.48134698 -3.63015547 -0.04701178992521491 0.0
6.075549113931907e-07 0.04679983927827166 -22.46546077 -3.63839809 -0.04696383200026074 0.0
6.077744022465913e-07 0.046241495375240145 -22.46685395 -3.63480291 -0.04679983927827166 0.0
6.079852274357878e-07 0.04610612488940925 -22.40442541 -3.66627604 -0.046241495375240145 0.0
6.080383914980381e-07 0.04606661279727077 -22.36719682 -3.67693526 -0.04610612488940925 0.0
6.080849620463035e-07 0.045952950674409306 -22.34055512 -3.68903937 -0.04606661279727077 0.0
6.081446907210663e-07 0.04587017247595804 -22.42549708 -3.65690571 -0.045952950674409306 0.0
6.082493679154282e-07 0.04560874471919982 -22.36838805 -3.6816075 -0.04587017247595804 0.0
6.083429071614466e-07 0.04556261082865512 -22.45628989 -3.64268369 -0.04560874471919982 0.0
6.08371421855886e-07 0.04551500148516619 -22.3818652 -3.67596308 -0.04556261082865512 0.0
6.084277288588746e-07 0.045377516229326474 -22.42225752 -3.65322826 -0.04551500148516619 0.0
6.085001455993154e-07 0.04527696795573638 -22.46322974 -3.63633146 -0.045377516229326474 0.0
6.085539486890884e-07 0.04520068459477552 -22.33090316 -3.69598977 -0.04527696795573638 0.0
6.089713190302921e-07 0.0439061765822292 -22.4403907 -3.64573498 -0.04520068459477552 0.0
6.094411206641611e-07 0.04365794074508911 -22.37774954 -3.67244033 -0.0439061765822292 0.0
6.09749030546316e-07 0.04289609507165049 -22.40536603 -3.66567043 -0.04365794074508911 0.0
6.100110185378323e-07 0.04279865200439662 -22.47162893 -3.63467282 -0.04289609507165049 0.0
6.101703231190737e-07 0.042373905319903524 -22.47260403 -3.6338687 -0.04279865200439662 0.0
6.103311396961473e-07 0.04227155868826512 -22.33584299 -3.69394057 -0.042373905319903524 0.0
6.105502342218246e-07 0.04165617324412477 -22.42844166 -3.65529399 -0.04227155868826512 0.0
6.107657831627015e-07 0.04156550973943242 -22.44089776 -3.64957328 -0.04165617324412477 0.0
6.1088935450303e-07 0.04125159280099015 -22.3382086 -3.69069807 -0.04156550973943242 0.0
6.110068079284352e-07 0.041180990745543905 -22.45222596 -3.64112686 -0.04125159280099015 0.0
6.111870433016263e-07 0.04066178403054448 -22.44937079 -3.64551979 -0.041180990745543905 0.0
6.114022754925063e-07 0.04047674714612133 -22.36108091 -3.68423 -0.04066178403054448 0.0
6.115381183133797e-07 0.04021747684718523 -22.3923973 -3.66629057 -0.04047674714612133 0.0
6.116461626957114e-07 0.04012341086849115 -22.44918264 -3.64245513 -0.04021747684718523 0.0
6.116918789536749e-07 0.0400679950257084 -22.37106736 -3.68012759 -0.04012341086849115 0.0
6.118967318317113e-07 0.039453825465045264 -22.45544577 -3.64004787 -0.0400679950257084 0.0
6.120864187470704e-07 0.039448000314550064 -22.33460092 -3.69329766 -0.039453825465045264 0.0
6.122884139435125e-07 0.03879401944111751 -22.34447486 -3.68791893 -0.039448000314550064 0.0
6.125487470767797e-07 0.038597722623887915 -22.37901186 -3.67222301 -0.03879401944111751 0.0
6.127658562940077e-07 0.03808532940076906 -22.36927317 -3.6807165 -0.038597722623887915 0.0
6.129981184725099e-07 0.037839737631210554 -22.39580592 -3.66498105 -0.03808532940076906 0.0
6.13271300897989e-07 0.037194317615466606 -22.46056383 -3.63867363 -0.037839737631210554 0.0
6.135211179548111e-07 0.03702510330160637 -22.39944451 -3.66786308 -0.037194317615466606 0.0
6.136719655417189e-07 0.0367026531460227 -22.38257871 -3.67507307 -0.03702510330160637 0.0
6.137872860771156e-07 0.03664927561186968 -22.36680958 -3.68160367 -0.0367026531460227 0.0
6.13810572784858e-07 0.03662677524423749 -22.39851536 -3.66823778 -0.03664927561186968 0.0
6.13873758601129e-07 0.036443413978426965 -22.37644641 -3.67351073 -0.03662677524423749 0.0
6.139371095954444e-07 0.03642038015423483 -22.44739142 -3.64599634 -0.036443413978426965 0.0
6.140329535101474e-07 0.036131231973802816 -22.42036053 -3.65467015 -0.03642038015423483 0.0
6.14319478950408e-07 0.03548742301499071 -22.41727113 -3.65601806 -0.036131231973802816 0.0
6.145529679682206e-07 0.035371121135377125 -22.44370783 -3.64516764 -0.03548742301499071 0.0
6.146897736220318e-07 0.035042276158814945 -22.45251743 -3.64187299 -0.035371121135377125 0.0
6.147980132561629e-07 0.035018948780384786 -22.4557065 -3.64136136 -0.035042276158814945 0.0
6.15033058232779e-07 0.03427793438767775 -22.39883755 -3.66394318 -0.035018948780384786 0.0
6.153055953896609e-07 0.034132761017942964 -22.45250191 -3.64294771 -0.03427793438767775 0.0
6.154538799711865e-07 0.03379602875392109 -22.43633237 -3.64830441 -0.034132761017942964 0.0
6.155585525322682e-07 0.03379261405728384 -22.37289573 -3.67886781 -0.03379602875392109 0.0
6.156531725854496e-07 0.03348864719663815 -22.42920538 -3.65123706 -0.03379261405728384 0.0
6.162112926985234e-07 0.03198088151224346 -22.44811832 -3.64447745 -0.03348864719663815 0.0
6.166880586264478e-07 0.031941267010109284 -22.39955421 -3.66383202 -0.03198088151224346 0.0
6.167617856072949e-07 0.03174179912069701 -22.42629206 -3.65261789 -0.031941267010109284 0.0
6.168350529353983e-07 0.03170368441739966 -22.40029528 -3.66353609 -0.03174179912069701 0.0
6.169058778862658e-07 0.03151218127036658 -22.41814928 -3.65600948 -0.03170368441739966 0.0
6.169758943173605e-07 0.031476696179728716 -22.36942819 -3.68004776 -0.03151218127036658 0.0
6.170278489010048e-07 0.03134377556345642 -22.34998646 -3.6870474 -0.031476696179728716 0.0
6.172352645901158e-07 0.030804571659368764 -22.44474251 -3.6459471 -0.03134377556345642 0.0
6.17431962271467e-07 0.030706456061040915 -22.39997423 -3.66376523 -0.030804571659368764 0.0
6.176687368185742e-07 0.03003786239803328 -22.43471033 -3.65119541 -0.030706456061040915 0.0
6.17944324055539e-07 0.029814209422844656 -22.36246246 -3.68052 -0.03003786239803328 0.0
6.18031905505483e-07 0.029754410222193068 -22.40093616 -3.66659459 -0.029814209422844656 0.0
6.181231218935958e-07 0.02951906072987103 -22.36589137 -3.67895385 -0.029754410222193068 0.0
6.182027349947584e-07 0.02949681682934557 -22.42759085 -3.65451785 -0.02951906072987103 0.0
6.183836202689309e-07 0.02893402812352153 -22.41079651 -3.66214307 -0.02949681682934557 0.0
6.189465749286495e-07 0.027677231260615314 -22.41542331 -3.65989702 -0.02893402812352153 0.0
6.193632665857605e-07 0.027587633917769395 -22.431496 -3.65124665 -0.027677231260615314 0.0
6.194073703138386e-07 0.027534818670723854 -22.38062351 -3.67501474 -0.027587633917769395 0.0
6.196390743810608e-07 0.026839746303118424 -22.36208515 -3.68190994 -0.027534818670723854 0.0
6.19907288274335e-07 0.02666918240159835 -22.40536506 -3.66428627 -0.026839746303118424 0.0
6.200192108400156e-07 0.026478686164976974 -22.40133142 -3.66365123 -0.02666918240159835 0.0
6.201612091208463e-07 0.026211198882164184 -22.39403106 -3.66681654 -0.026478686164976974 0.0
6.20316863523381e-07 0.025976764549448687 -22.41399658 -3.65842676 -0.026211198882164184 0.0
6.204312759087349e-07 0.025842339989028747 -22.41559042 -3.65780118 -0.025976764549448687 0.0
6.206259793239307e-07 0.025349280327726712 -22.37097414 -3.67734381 -0.025842339989028747 0.0
6.211556732534971e-07 0.024136408329654434 -22.41217888 -3.66075446 -0.025349280327726712 0.0
6.216151074212777e-07 0.023870188760037513 -22.39201954 -3.66966826 -0.024136408329654434 0.0
6.21752931132469e-07 0.02369301015456921 -22.40110357 -3.66568529 -0.023870188760037513 0.0
6.218421077419995e-07 0.023583349034312348 -22.37656525 -3.67521159 -0.02369301015456921 0.0
6.219195914345547e-07 0.02344382057383211 -22.39685987 -3.66749486 -0.023583349034312348 0.0
6.220344475367293e-07 0.02321403149615652 -22.4074015 -3.6627165 -0.02344382057383211 0.0
6.223262727063838e-07 0.022505860146649317 -22.38249106 -3.67302157 -0.02321403149615652 0.0
6.226969092627822e-07 0.02202318631896735 -22.38822492 -3.67050976 -0.022505860146649317 0.0
6.229040379406836e-07 0.021840657623780547 -22.39325452 -3.66827443 -0.02202318631896735 0.0
